Detection Fct/Global/Plot: Qq-plot                                                                                                                                                                                                                                                                                                                                                                                                                                                                                                                                                                                                                                                                                                                                                                                                                                                                                                                                                                                                                              
Pooled data                                                 
 Empirical distribution function
 Fitted cumulative distribution function
    0.000000E+00        1.000000    0.000000E+00        1.000000
         403
        0.00124        0.00008
        0.00372        0.00384
        0.00620        0.00644
        0.00868        0.00663
        0.01117        0.00681
        0.01365        0.00969
        0.01613        0.01031
        0.01861        0.02002
        0.02109        0.02009
        0.02357        0.02155
        0.02605        0.02359
        0.02854        0.02643
        0.03102        0.02718
        0.03350        0.03119
        0.03598        0.03460
        0.03846        0.03487
        0.04094        0.03517
        0.04342        0.03567
        0.04591        0.03600
        0.04839        0.03613
        0.05087        0.03686
        0.05335        0.04230
        0.05583        0.04257
        0.05831        0.04257
        0.06079        0.04257
        0.06328        0.04315
        0.06576        0.04325
        0.06824        0.04476
        0.07072        0.04674
        0.07320        0.04853
        0.07568        0.05511
        0.07816        0.05938
        0.08065        0.06638
        0.08313        0.07043
        0.08561        0.07199
        0.08809        0.07563
        0.09057        0.07721
        0.09305        0.07749
        0.09553        0.08285
        0.09801        0.08753
        0.10050        0.09082
        0.10298        0.09119
        0.10546        0.09226
        0.10794        0.10209
        0.11042        0.10428
        0.11290        0.10455
        0.11538        0.11241
        0.11787        0.11556
        0.12035        0.11678
        0.12283        0.11692
        0.12531        0.11743
        0.12779        0.11913
        0.13027        0.12340
        0.13275        0.12343
        0.13524        0.12496
        0.13772        0.13049
        0.14020        0.13451
        0.14268        0.13472
        0.14516        0.14996
        0.14764        0.15148
        0.15012        0.15479
        0.15261        0.15670
        0.15509        0.15782
        0.15757        0.16180
        0.16005        0.16485
        0.16253        0.16573
        0.16501        0.16793
        0.16749        0.16871
        0.16998        0.17065
        0.17246        0.17634
        0.17494        0.17874
        0.17742        0.17981
        0.17990        0.17996
        0.18238        0.18405
        0.18486        0.18444
        0.18734        0.18629
        0.18983        0.18911
        0.19231        0.19354
        0.19479        0.19488
        0.19727        0.20093
        0.19975        0.20669
        0.20223        0.21103
        0.20471        0.21131
        0.20720        0.21163
        0.20968        0.21172
        0.21216        0.21331
        0.21464        0.21562
        0.21712        0.22008
        0.21960        0.22030
        0.22208        0.22403
        0.22457        0.22749
        0.22705        0.22890
        0.22953        0.23017
        0.23201        0.23525
        0.23449        0.24127
        0.23697        0.24260
        0.23945        0.24494
        0.24194        0.24868
        0.24442        0.25408
        0.24690        0.25776
        0.24938        0.25800
        0.25186        0.27002
        0.25434        0.27089
        0.25682        0.27342
        0.25931        0.27663
        0.26179        0.27752
        0.26427        0.27871
        0.26675        0.27935
        0.26923        0.28104
        0.27171        0.28398
        0.27419        0.28495
        0.27667        0.28643
        0.27916        0.29003
        0.28164        0.29588
        0.28412        0.29954
        0.28660        0.30017
        0.28908        0.30384
        0.29156        0.30607
        0.29404        0.30905
        0.29653        0.30932
        0.29901        0.30986
        0.30149        0.30992
        0.30397        0.31286
        0.30645        0.31763
        0.30893        0.31809
        0.31141        0.32083
        0.31390        0.32106
        0.31638        0.32208
        0.31886        0.32343
        0.32134        0.32593
        0.32382        0.32731
        0.32630        0.33261
        0.32878        0.33658
        0.33127        0.33685
        0.33375        0.33853
        0.33623        0.33886
        0.33871        0.33986
        0.34119        0.34205
        0.34367        0.34244
        0.34615        0.34421
        0.34864        0.34686
        0.35112        0.34922
        0.35360        0.35889
        0.35608        0.36468
        0.35856        0.36488
        0.36104        0.36648
        0.36352        0.36779
        0.36600        0.37060
        0.36849        0.37072
        0.37097        0.37650
        0.37345        0.37697
        0.37593        0.37720
        0.37841        0.38022
        0.38089        0.38126
        0.38337        0.38376
        0.38586        0.38498
        0.38834        0.38651
        0.39082        0.39027
        0.39330        0.39050
        0.39578        0.39122
        0.39826        0.39160
        0.40074        0.39312
        0.40323        0.39315
        0.40571        0.39646
        0.40819        0.40011
        0.41067        0.40088
        0.41315        0.40105
        0.41563        0.40214
        0.41811        0.40271
        0.42060        0.40377
        0.42308        0.40543
        0.42556        0.40670
        0.42804        0.40776
        0.43052        0.40783
        0.43300        0.40909
        0.43548        0.40921
        0.43797        0.40976
        0.44045        0.41087
        0.44293        0.42208
        0.44541        0.42367
        0.44789        0.42720
        0.45037        0.42899
        0.45285        0.43083
        0.45533        0.43275
        0.45782        0.43311
        0.46030        0.43603
        0.46278        0.43820
        0.46526        0.44160
        0.46774        0.44291
        0.47022        0.44388
        0.47270        0.44694
        0.47519        0.45021
        0.47767        0.45476
        0.48015        0.45500
        0.48263        0.45525
        0.48511        0.45899
        0.48759        0.46016
        0.49007        0.46041
        0.49256        0.46136
        0.49504        0.46268
        0.49752        0.46426
        0.50000        0.46457
        0.50248        0.46509
        0.50496        0.47120
        0.50744        0.48050
        0.50993        0.48152
        0.51241        0.48251
        0.51489        0.48342
        0.51737        0.48637
        0.51985        0.49631
        0.52233        0.49830
        0.52481        0.49879
        0.52730        0.50962
        0.52978        0.51282
        0.53226        0.51295
        0.53474        0.51437
        0.53722        0.51555
        0.53970        0.51880
        0.54218        0.52368
        0.54467        0.53002
        0.54715        0.53559
        0.54963        0.53707
        0.55211        0.53921
        0.55459        0.54375
        0.55707        0.54379
        0.55955        0.55658
        0.56203        0.55674
        0.56452        0.56503
        0.56700        0.56717
        0.56948        0.56864
        0.57196        0.57374
        0.57444        0.57559
        0.57692        0.57721
        0.57940        0.57727
        0.58189        0.57817
        0.58437        0.58894
        0.58685        0.58948
        0.58933        0.59519
        0.59181        0.59865
        0.59429        0.60254
        0.59677        0.60309
        0.59926        0.61928
        0.60174        0.62081
        0.60422        0.63270
        0.60670        0.63454
        0.60918        0.63510
        0.61166        0.63722
        0.61414        0.64068
        0.61663        0.64500
        0.61911        0.64741
        0.62159        0.64796
        0.62407        0.65480
        0.62655        0.65671
        0.62903        0.65960
        0.63151        0.66066
        0.63400        0.66123
        0.63648        0.66123
        0.63896        0.66810
        0.64144        0.67405
        0.64392        0.67592
        0.64640        0.67657
        0.64888        0.67900
        0.65136        0.68524
        0.65385        0.68794
        0.65633        0.69058
        0.65881        0.69509
        0.66129        0.70073
        0.66377        0.70219
        0.66625        0.70396
        0.66873        0.70543
        0.67122        0.70769
        0.67370        0.70784
        0.67618        0.71085
        0.67866        0.71345
        0.68114        0.71464
        0.68362        0.71477
        0.68610        0.71492
        0.68859        0.71761
        0.69107        0.71785
        0.69355        0.72062
        0.69603        0.72361
        0.69851        0.72673
        0.70099        0.72888
        0.70347        0.72889
        0.70596        0.73326
        0.70844        0.73516
        0.71092        0.73632
        0.71340        0.73954
        0.71588        0.73977
        0.71836        0.74303
        0.72084        0.74325
        0.72333        0.74579
        0.72581        0.74649
        0.72829        0.74845
        0.73077        0.75051
        0.73325        0.75054
        0.73573        0.75099
        0.73821        0.75375
        0.74069        0.75617
        0.74318        0.75690
        0.74566        0.75941
        0.74814        0.76038
        0.75062        0.76303
        0.75310        0.76714
        0.75558        0.76887
        0.75806        0.77213
        0.76055        0.77608
        0.76303        0.77712
        0.76551        0.77815
        0.76799        0.78381
        0.77047        0.78576
        0.77295        0.79363
        0.77543        0.79617
        0.77792        0.79729
        0.78040        0.79992
        0.78288        0.80020
        0.78536        0.80439
        0.78784        0.80620
        0.79032        0.80668
        0.79280        0.81406
        0.79529        0.81591
        0.79777        0.81673
        0.80025        0.81858
        0.80273        0.81975
        0.80521        0.81999
        0.80769        0.83040
        0.81017        0.83125
        0.81266        0.83156
        0.81514        0.83197
        0.81762        0.83242
        0.82010        0.83294
        0.82258        0.83341
        0.82506        0.83396
        0.82754        0.83419
        0.83002        0.83559
        0.83251        0.83783
        0.83499        0.83826
        0.83747        0.84100
        0.83995        0.84170
        0.84243        0.84432
        0.84491        0.84440
        0.84739        0.84642
        0.84988        0.84668
        0.85236        0.84698
        0.85484        0.84710
        0.85732        0.84885
        0.85980        0.85040
        0.86228        0.85554
        0.86476        0.85784
        0.86725        0.85980
        0.86973        0.86072
        0.87221        0.86161
        0.87469        0.86460
        0.87717        0.86832
        0.87965        0.87386
        0.88213        0.87876
        0.88462        0.87954
        0.88710        0.88260
        0.88958        0.88680
        0.89206        0.88877
        0.89454        0.89262
        0.89702        0.89268
        0.89950        0.89360
        0.90199        0.89548
        0.90447        0.89548
        0.90695        0.89781
        0.90943        0.89824
        0.91191        0.89829
        0.91439        0.89921
        0.91687        0.90069
        0.91935        0.90159
        0.92184        0.90168
        0.92432        0.90188
        0.92680        0.90286
        0.92928        0.90780
        0.93176        0.90870
        0.93424        0.90948
        0.93672        0.91374
        0.93921        0.91532
        0.94169        0.91617
        0.94417        0.92370
        0.94665        0.92533
        0.94913        0.92683
        0.95161        0.93132
        0.95409        0.93769
        0.95658        0.93855
        0.95906        0.94472
        0.96154        0.94708
        0.96402        0.94816
        0.96650        0.95836
        0.96898        0.97403
        0.97146        0.97443
        0.97395        0.97443
        0.97643        0.97479
        0.97891        0.97746
        0.98139        0.97746
        0.98387        0.98152
        0.98635        0.98152
        0.98883        0.98224
        0.99132        0.98266
        0.99380        0.99492
        0.99628        0.99724
        0.99876        1.00000
Detection Fct/Global/Plot: Detection Probability 1                                                                                                                                                                                                                                                                                                                                                                                                                                                                                                                                                                                                                                                                                                                                                                                                                                                                                                                                                                                                              
Pooled data                                                 
Radial distance in meters                   
     Detection Probability          
    0.000000E+00      511.409760    0.000000E+00        1.256700
         156
        0.00000        1.14245        1.00000
        3.93392        1.14245        1.00000
        7.86784        1.14245        1.00000
       11.80176        1.14245        1.00000
       15.73568        1.14245        1.00000
       19.66961        1.14245        1.00000
       23.60353        1.14245        1.00000
       27.53745        1.14245        1.00000
       31.47137        1.14245        1.00000
       35.40529        1.14245        1.00000
       39.33921        1.14245        1.00000
       39.33921        0.00000        1.00000
       39.33921        0.90811        1.00000
       43.27313        0.90811        1.00000
       47.20705        0.90811        1.00000
       51.14097        0.90811        1.00000
       55.07489        0.90811        0.99996
       59.00882        0.90811        0.99958
       62.94274        0.90811        0.99768
       66.87666        0.90811        0.99186
       70.81058        0.90811        0.97904
       74.74450        0.90811        0.95681
       78.67842        0.90811        0.92437
       78.67842        0.00000        0.92437
       78.67842        0.63860        0.92437
       82.61234        0.63860        0.88257
       86.54626        0.63860        0.83344
       90.48019        0.63860        0.77950
       94.41411        0.63860        0.72321
       98.34802        0.63860        0.66667
      102.28194        0.63860        0.61148
      106.21587        0.63860        0.55877
      110.14979        0.63860        0.50926
      114.08371        0.63860        0.46331
      118.01763        0.63860        0.42107
      118.01763        0.00000        0.42107
      118.01763        0.26783        0.42107
      121.95155        0.26783        0.38250
      125.88548        0.26783        0.34747
      129.81940        0.26783        0.31576
      133.75331        0.26783        0.28713
      137.68724        0.26783        0.26132
      141.62115        0.26783        0.23809
      145.55508        0.26783        0.21717
      149.48900        0.26783        0.19834
      153.42293        0.26783        0.18138
      157.35684        0.26783        0.16610
      157.35684        0.00000        0.16610
      157.35684        0.13670        0.16610
      161.29076        0.13670        0.15233
      165.22469        0.13670        0.13989
      169.15860        0.13670        0.12865
      173.09253        0.13670        0.11848
      177.02644        0.13670        0.10926
      180.96036        0.13670        0.10091
      184.89429        0.13670        0.09331
      188.82820        0.13670        0.08641
      192.76213        0.13670        0.08012
      196.69604        0.13670        0.07438
      196.69604        0.00000        0.07438
      196.69604        0.07190        0.07438
      200.62997        0.07190        0.06914
      204.56389        0.07190        0.06435
      208.49780        0.07190        0.05996
      212.43173        0.07190        0.05594
      216.36566        0.07190        0.05224
      220.29958        0.07190        0.04885
      224.23349        0.07190        0.04572
      228.16742        0.07190        0.04284
      232.10135        0.07190        0.04018
      236.03526        0.07190        0.03772
      236.03526        0.00000        0.03772
      236.03526        0.02253        0.03772
      239.96918        0.02253        0.03545
      243.90311        0.02253        0.03335
      247.83704        0.02253        0.03140
      251.77095        0.02253        0.02959
      255.70486        0.02253        0.02791
      259.63879        0.02253        0.02634
      263.57272        0.02253        0.02489
      267.50665        0.02253        0.02353
      271.44055        0.02253        0.02227
      275.37448        0.02253        0.02108
      275.37448        0.00000        0.02108
      275.37448        0.00976        0.02108
      279.30841        0.00976        0.01998
      283.24231        0.00976        0.01895
      287.17624        0.00976        0.01798
      291.11017        0.00976        0.01708
      295.04407        0.00976        0.01623
      298.97800        0.00976        0.01543
      302.91193        0.00976        0.01469
      306.84586        0.00976        0.01398
      310.77975        0.00976        0.01332
      314.71368        0.00976        0.01270
      314.71368        0.00000        0.01270
      314.71368        0.00172        0.01270
      318.64761        0.00172        0.01211
      322.58151        0.00172        0.01156
      326.51544        0.00172        0.01104
      330.44937        0.00172        0.01055
      334.38330        0.00172        0.01008
      338.31720        0.00172        0.00964
      342.25113        0.00172        0.00923
      346.18506        0.00172        0.00883
      350.11896        0.00172        0.00846
      354.05289        0.00172        0.00811
      354.05289        0.00000        0.00811
      354.05289        0.00925        0.00811
      357.98682        0.00925        0.00777
      361.92072        0.00925        0.00746
      365.85464        0.00925        0.00715
      369.78857        0.00925        0.00687
      373.72247        0.00925        0.00660
      377.65640        0.00925        0.00634
      381.59033        0.00925        0.00609
      385.52426        0.00925        0.00586
      389.45816        0.00925        0.00564
      393.39209        0.00925        0.00542
      393.39209        0.00000        0.00542
      393.39209        0.00558        0.00542
      397.32602        0.00558        0.00522
      401.25995        0.00558        0.00503
      405.19385        0.00558        0.00484
      409.12778        0.00558        0.00467
      413.06171        0.00558        0.00450
      416.99564        0.00558        0.00434
      420.92957        0.00558        0.00419
      424.86346        0.00558        0.00404
      428.79739        0.00558        0.00390
      432.73132        0.00558        0.00377
      432.73132        0.00000        0.00377
      432.73132        0.00127        0.00377
      436.66525        0.00127        0.00364
      440.59915        0.00127        0.00352
      444.53308        0.00127        0.00340
      448.46701        0.00127        0.00329
      452.40094        0.00127        0.00318
      456.33484        0.00127        0.00308
      460.26877        0.00127        0.00298
      464.20270        0.00127        0.00288
      468.13660        0.00127        0.00279
      472.07053        0.00127        0.00270
      472.07053        0.00000        0.00270
      472.07053        0.00234        0.00270
      476.00446        0.00234        0.00262
      479.93839        0.00234        0.00254
      483.87228        0.00234        0.00246
      487.80621        0.00234        0.00238
      491.74014        0.00234        0.00231
      495.67407        0.00234        0.00224
      499.60800        0.00234        0.00218
      503.54190        0.00234        0.00211
      507.47583        0.00234        0.00205
      511.40976        0.00234        0.00199
      511.40976        0.00000        0.00199
Detection Fct/Global/Plot: Pdf 1                                                                                                                                                                                                                                                                                                                                                                                                                                                                                                                                                                                                                                                                                                                                                                                                                                                                                                                                                                                                                                
Pooled data                                                 
Radial distance in meters                   
       Probability Density          
    0.000000E+00      511.409760    0.000000E+00    8.757741E-03
         156
        0.00000        0.00246        0.00000
        3.93392        0.00246        0.00043
        7.86784        0.00246        0.00086
       11.80176        0.00246        0.00129
       15.73568        0.00246        0.00172
       19.66961        0.00246        0.00215
       23.60353        0.00246        0.00258
       27.53745        0.00246        0.00301
       31.47137        0.00246        0.00345
       35.40529        0.00246        0.00388
       39.33921        0.00246        0.00431
       39.33921        0.00000        0.00431
       39.33921        0.00587        0.00431
       43.27313        0.00587        0.00474
       47.20705        0.00587        0.00517
       51.14097        0.00587        0.00560
       55.07489        0.00587        0.00603
       59.00882        0.00587        0.00646
       62.94274        0.00587        0.00687
       66.87666        0.00587        0.00726
       70.81058        0.00587        0.00759
       74.74450        0.00587        0.00783
       78.67842        0.00587        0.00796
       78.67842        0.00000        0.00796
       78.67842        0.00688        0.00796
       82.61234        0.00688        0.00798
       86.54626        0.00688        0.00790
       90.48019        0.00688        0.00772
       94.41411        0.00688        0.00747
       98.34802        0.00688        0.00718
      102.28194        0.00688        0.00685
      106.21587        0.00688        0.00650
      110.14979        0.00688        0.00614
      114.08371        0.00688        0.00579
      118.01763        0.00688        0.00544
      118.01763        0.00000        0.00544
      118.01763        0.00404        0.00544
      121.95155        0.00404        0.00511
      125.88548        0.00404        0.00479
      129.81940        0.00404        0.00449
      133.75331        0.00404        0.00420
      137.68724        0.00404        0.00394
      141.62115        0.00404        0.00369
      145.55508        0.00404        0.00346
      149.48900        0.00404        0.00325
      153.42293        0.00404        0.00305
      157.35684        0.00404        0.00286
      157.35684        0.00000        0.00286
      157.35684        0.00265        0.00286
      161.29076        0.00265        0.00269
      165.22469        0.00265        0.00253
      169.15860        0.00265        0.00238
      173.09253        0.00265        0.00224
      177.02644        0.00265        0.00212
      180.96036        0.00265        0.00200
      184.89429        0.00265        0.00189
      188.82820        0.00265        0.00179
      192.76213        0.00265        0.00169
      196.69604        0.00265        0.00160
      196.69604        0.00000        0.00160
      196.69604        0.00170        0.00160
      200.62997        0.00170        0.00152
      204.56389        0.00170        0.00144
      208.49780        0.00170        0.00137
      212.43173        0.00170        0.00130
      216.36566        0.00170        0.00124
      220.29958        0.00170        0.00118
      224.23349        0.00170        0.00112
      228.16742        0.00170        0.00107
      232.10135        0.00170        0.00102
      236.03526        0.00170        0.00097
      236.03526        0.00000        0.00097
      236.03526        0.00063        0.00097
      239.96918        0.00063        0.00093
      243.90311        0.00063        0.00089
      247.83704        0.00063        0.00085
      251.77095        0.00063        0.00082
      255.70486        0.00063        0.00078
      259.63879        0.00063        0.00075
      263.57272        0.00063        0.00072
      267.50665        0.00063        0.00069
      271.44055        0.00063        0.00066
      275.37448        0.00063        0.00064
      275.37448        0.00000        0.00064
      275.37448        0.00032        0.00064
      279.30841        0.00032        0.00061
      283.24231        0.00032        0.00059
      287.17624        0.00032        0.00057
      291.11017        0.00032        0.00054
      295.04407        0.00032        0.00052
      298.97800        0.00032        0.00051
      302.91193        0.00032        0.00049
      306.84586        0.00032        0.00047
      310.77975        0.00032        0.00045
      314.71368        0.00032        0.00044
      314.71368        0.00000        0.00044
      314.71368        0.00006        0.00044
      318.64761        0.00006        0.00042
      322.58151        0.00006        0.00041
      326.51544        0.00006        0.00039
      330.44937        0.00006        0.00038
      334.38330        0.00006        0.00037
      338.31720        0.00006        0.00036
      342.25113        0.00006        0.00035
      346.18506        0.00006        0.00033
      350.11896        0.00006        0.00032
      354.05289        0.00006        0.00031
      354.05289        0.00000        0.00031
      354.05289        0.00038        0.00031
      357.98682        0.00038        0.00030
      361.92072        0.00038        0.00030
      365.85464        0.00038        0.00029
      369.78857        0.00038        0.00028
      373.72247        0.00038        0.00027
      377.65640        0.00038        0.00026
      381.59033        0.00038        0.00025
      385.52426        0.00038        0.00025
      389.45816        0.00038        0.00024
      393.39209        0.00038        0.00023
      393.39209        0.00000        0.00023
      393.39209        0.00025        0.00023
      397.32602        0.00025        0.00023
      401.25995        0.00025        0.00022
      405.19385        0.00025        0.00021
      409.12778        0.00025        0.00021
      413.06171        0.00025        0.00020
      416.99564        0.00025        0.00020
      420.92957        0.00025        0.00019
      424.86346        0.00025        0.00019
      428.79739        0.00025        0.00018
      432.73132        0.00025        0.00018
      432.73132        0.00000        0.00018
      432.73132        0.00006        0.00018
      436.66525        0.00006        0.00017
      440.59915        0.00006        0.00017
      444.53308        0.00006        0.00017
      448.46701        0.00006        0.00016
      452.40094        0.00006        0.00016
      456.33484        0.00006        0.00015
      460.26877        0.00006        0.00015
      464.20270        0.00006        0.00015
      468.13660        0.00006        0.00014
      472.07053        0.00006        0.00014
      472.07053        0.00000        0.00014
      472.07053        0.00013        0.00014
      476.00446        0.00013        0.00014
      479.93839        0.00013        0.00013
      483.87228        0.00013        0.00013
      487.80621        0.00013        0.00013
      491.74014        0.00013        0.00012
      495.67407        0.00013        0.00012
      499.60800        0.00013        0.00012
      503.54190        0.00013        0.00012
      507.47583        0.00013        0.00011
      511.40976        0.00013        0.00011
      511.40976        0.00000        0.00011
