Detection Fct/Global/Plot: Qq-plot                                                                                                                                                                                                                                                                                                                                                                                                                                                                                                                                                                                                                                                                                                                                                                                                                                                                                                                                                                                                                              
Pooled data                                                 
 Empirical distribution function
 Fitted cumulative distribution function
    0.000000E+00        1.000000    0.000000E+00        1.000000
          47
        0.01064        0.00817
        0.03191        0.04921
        0.05319        0.08256
        0.07447        0.09945
        0.09574        0.10329
        0.11702        0.10842
        0.13830        0.13368
        0.15957        0.17479
        0.18085        0.18896
        0.20213        0.20247
        0.22340        0.21003
        0.24468        0.23095
        0.26596        0.24686
        0.28723        0.25756
        0.30851        0.27784
        0.32979        0.30304
        0.35106        0.34922
        0.37234        0.42929
        0.39362        0.49930
        0.41489        0.52741
        0.43617        0.53326
        0.45745        0.55680
        0.47872        0.56792
        0.50000        0.56825
        0.52128        0.57046
        0.54255        0.62062
        0.56383        0.62344
        0.58511        0.67316
        0.60638        0.67324
        0.62766        0.67661
        0.64894        0.68557
        0.67021        0.69786
        0.69149        0.70676
        0.71277        0.74996
        0.73404        0.75015
        0.75532        0.75757
        0.77660        0.76550
        0.79787        0.76550
        0.81915        0.76984
        0.84043        0.79246
        0.86170        0.85782
        0.88298        0.87167
        0.90426        0.89013
        0.92553        0.90071
        0.94681        0.94169
        0.96809        0.94340
        0.98936        1.00000
Detection Fct/Global/Plot: Detection Probability 1                                                                                                                                                                                                                                                                                                                                                                                                                                                                                                                                                                                                                                                                                                                                                                                                                                                                                                                                                                                                              
Pooled data                                                 
Radial distance in meters                   
     Detection Probability          
    0.000000E+00      271.221100    0.000000E+00        1.098690
         136
        0.00000        0.93497        1.00000
        2.11891        0.93497        0.99969
        4.23783        0.93497        0.99877
        6.35674        0.93497        0.99724
        8.47566        0.93497        0.99510
       10.59457        0.93497        0.99235
       12.71349        0.93497        0.98899
       14.83240        0.93497        0.98504
       16.95132        0.93497        0.98050
       19.07023        0.93497        0.97538
       21.18915        0.93497        0.96967
       23.30806        0.93497        0.96340
       25.42698        0.93497        0.95657
       27.54589        0.93497        0.94920
       29.66481        0.93497        0.94128
       31.78372        0.93497        0.93284
       33.90264        0.93497        0.92389
       36.02155        0.93497        0.91444
       38.14047        0.93497        0.90450
       40.25938        0.93497        0.89410
       42.37830        0.93497        0.88323
       44.49721        0.93497        0.87193
       46.61613        0.93497        0.86021
       48.73504        0.93497        0.84808
       50.85396        0.93497        0.83557
       52.97287        0.93497        0.82268
       55.09179        0.93497        0.80945
       57.21070        0.93497        0.79588
       59.32962        0.93497        0.78200
       61.44853        0.93497        0.76783
       63.56744        0.93497        0.75339
       65.68636        0.93497        0.73869
       67.80527        0.93497        0.72376
       67.80527        0.00000        0.72376
       67.80527        0.46749        0.72376
       69.92419        0.46749        0.70862
       72.04311        0.46749        0.69329
       74.16202        0.46749        0.67779
       76.28094        0.46749        0.66214
       78.39985        0.46749        0.64637
       80.51876        0.46749        0.63048
       82.63768        0.46749        0.61451
       84.75659        0.46749        0.59847
       86.87551        0.46749        0.58239
       88.99442        0.46749        0.56628
       91.11333        0.46749        0.55017
       93.23225        0.46749        0.53407
       95.35117        0.46749        0.51801
       97.47009        0.46749        0.50199
       99.58900        0.46749        0.48606
      101.70792        0.46749        0.47021
      103.82683        0.46749        0.45447
      105.94574        0.46749        0.43885
      108.06466        0.46749        0.42338
      110.18357        0.46749        0.40807
      112.30249        0.46749        0.39294
      114.42140        0.46749        0.37799
      116.54031        0.46749        0.36325
      118.65923        0.46749        0.34873
      120.77814        0.46749        0.33444
      122.89706        0.46749        0.32040
      125.01598        0.46749        0.30662
      127.13489        0.46749        0.29310
      129.25380        0.46749        0.27987
      131.37273        0.46749        0.26692
      133.49164        0.46749        0.25428
      135.61055        0.46749        0.24194
      135.61055        0.00000        0.24194
      135.61055        0.07012        0.24194
      137.72946        0.07012        0.22992
      139.84837        0.07012        0.21822
      141.96730        0.07012        0.20684
      144.08621        0.07012        0.19581
      146.20512        0.07012        0.18511
      148.32404        0.07012        0.17475
      150.44296        0.07012        0.16474
      152.56187        0.07012        0.15507
      154.68079        0.07012        0.14576
      156.79970        0.07012        0.13679
      158.91861        0.07012        0.12818
      161.03754        0.07012        0.11992
      163.15645        0.07012        0.11200
      165.27536        0.07012        0.10444
      167.39427        0.07012        0.09721
      169.51318        0.07012        0.09033
      171.63211        0.07012        0.08379
      173.75102        0.07012        0.07757
      175.86993        0.07012        0.07169
      177.98885        0.07012        0.06613
      180.10777        0.07012        0.06088
      182.22668        0.07012        0.05595
      184.34560        0.07012        0.05132
      186.46451        0.07012        0.04698
      188.58342        0.07012        0.04292
      190.70235        0.07012        0.03915
      192.82126        0.07012        0.03565
      194.94017        0.07012        0.03240
      197.05908        0.07012        0.02941
      199.17801        0.07012        0.02666
      201.29692        0.07012        0.02414
      203.41583        0.07012        0.02184
      203.41583        0.00000        0.02184
      203.41583        0.00835        0.02184
      205.53474        0.00835        0.01976
      207.65366        0.00835        0.01787
      209.77258        0.00835        0.01618
      211.89149        0.00835        0.01466
      214.01041        0.00835        0.01332
      216.12932        0.00835        0.01213
      218.24823        0.00835        0.01110
      220.36716        0.00835        0.01020
      222.48607        0.00835        0.00943
      224.60498        0.00835        0.00877
      226.72389        0.00835        0.00823
      228.84280        0.00835        0.00778
      230.96172        0.00835        0.00742
      233.08064        0.00835        0.00714
      235.19955        0.00835        0.00693
      237.31847        0.00835        0.00679
      239.43738        0.00835        0.00669
      241.55629        0.00835        0.00664
      243.67522        0.00835        0.00663
      245.79413        0.00835        0.00665
      247.91304        0.00835        0.00669
      250.03195        0.00835        0.00676
      252.15086        0.00835        0.00683
      254.26978        0.00835        0.00691
      256.38870        0.00835        0.00699
      258.50760        0.00835        0.00707
      260.62653        0.00835        0.00714
      262.74545        0.00835        0.00721
      264.86435        0.00835        0.00726
      266.98328        0.00835        0.00730
      269.10217        0.00835        0.00733
      271.22110        0.00835        0.00733
      271.22110        0.00000        0.00733
Detection Fct/Global/Plot: Pdf 1                                                                                                                                                                                                                                                                                                                                                                                                                                                                                                                                                                                                                                                                                                                                                                                                                                                                                                                                                                                                                                
Pooled data                                                 
Radial distance in meters                   
       Probability Density          
    0.000000E+00      271.221100    0.000000E+00    8.845262E-03
         136
        0.00000        0.00502        0.00000
        2.11891        0.00502        0.00034
        4.23783        0.00502        0.00067
        6.35674        0.00502        0.00100
        8.47566        0.00502        0.00134
       10.59457        0.00502        0.00167
       12.71349        0.00502        0.00199
       14.83240        0.00502        0.00231
       16.95132        0.00502        0.00263
       19.07023        0.00502        0.00295
       21.18915        0.00502        0.00325
       23.30806        0.00502        0.00356
       25.42698        0.00502        0.00385
       27.54589        0.00502        0.00414
       29.66481        0.00502        0.00442
       31.78372        0.00502        0.00470
       33.90264        0.00502        0.00496
       36.02155        0.00502        0.00522
       38.14047        0.00502        0.00546
       40.25938        0.00502        0.00570
       42.37830        0.00502        0.00593
       44.49721        0.00502        0.00615
       46.61613        0.00502        0.00635
       48.73504        0.00502        0.00655
       50.85396        0.00502        0.00673
       52.97287        0.00502        0.00690
       55.09179        0.00502        0.00706
       57.21070        0.00502        0.00721
       59.32962        0.00502        0.00735
       61.44853        0.00502        0.00747
       63.56744        0.00502        0.00759
       65.68636        0.00502        0.00769
       67.80527        0.00502        0.00777
       67.80527        0.00000        0.00777
       67.80527        0.00753        0.00777
       69.92419        0.00753        0.00785
       72.04311        0.00753        0.00791
       74.16202        0.00753        0.00796
       76.28094        0.00753        0.00800
       78.39985        0.00753        0.00803
       80.51876        0.00753        0.00804
       82.63768        0.00753        0.00804
       84.75659        0.00753        0.00803
       86.87551        0.00753        0.00801
       88.99442        0.00753        0.00798
       91.11333        0.00753        0.00794
       93.23225        0.00753        0.00789
       95.35117        0.00753        0.00782
       97.47009        0.00753        0.00775
       99.58900        0.00753        0.00767
      101.70792        0.00753        0.00757
      103.82683        0.00753        0.00747
      105.94574        0.00753        0.00736
      108.06466        0.00753        0.00725
      110.18357        0.00753        0.00712
      112.30249        0.00753        0.00699
      114.42140        0.00753        0.00685
      116.54031        0.00753        0.00671
      118.65923        0.00753        0.00655
      120.77814        0.00753        0.00640
      122.89706        0.00753        0.00624
      125.01598        0.00753        0.00607
      127.13489        0.00753        0.00590
      129.25380        0.00753        0.00573
      131.37273        0.00753        0.00555
      133.49164        0.00753        0.00538
      135.61055        0.00753        0.00520
      135.61055        0.00000        0.00520
      135.61055        0.00188        0.00520
      137.72946        0.00188        0.00502
      139.84837        0.00188        0.00483
      141.96730        0.00188        0.00465
      144.08621        0.00188        0.00447
      146.20512        0.00188        0.00429
      148.32404        0.00188        0.00411
      150.44296        0.00188        0.00393
      152.56187        0.00188        0.00375
      154.68079        0.00188        0.00357
      156.79970        0.00188        0.00340
      158.91861        0.00188        0.00323
      161.03754        0.00188        0.00306
      163.15645        0.00188        0.00289
      165.27536        0.00188        0.00273
      167.39427        0.00188        0.00258
      169.51318        0.00188        0.00243
      171.63211        0.00188        0.00228
      173.75102        0.00188        0.00213
      175.86993        0.00188        0.00200
      177.98885        0.00188        0.00186
      180.10777        0.00188        0.00174
      182.22668        0.00188        0.00161
      184.34560        0.00188        0.00150
      186.46451        0.00188        0.00139
      188.58342        0.00188        0.00128
      190.70235        0.00188        0.00118
      192.82126        0.00188        0.00109
      194.94017        0.00188        0.00100
      197.05908        0.00188        0.00092
      199.17801        0.00188        0.00084
      201.29692        0.00188        0.00077
      203.41583        0.00188        0.00070
      203.41583        0.00000        0.00070
      203.41583        0.00031        0.00070
      205.53474        0.00031        0.00064
      207.65366        0.00031        0.00059
      209.77258        0.00031        0.00054
      211.89149        0.00031        0.00049
      214.01041        0.00031        0.00045
      216.12932        0.00031        0.00042
      218.24823        0.00031        0.00038
      220.36716        0.00031        0.00036
      222.48607        0.00031        0.00033
      224.60498        0.00031        0.00031
      226.72389        0.00031        0.00030
      228.84280        0.00031        0.00028
      230.96172        0.00031        0.00027
      233.08064        0.00031        0.00026
      235.19955        0.00031        0.00026
      237.31847        0.00031        0.00026
      239.43738        0.00031        0.00025
      241.55629        0.00031        0.00025
      243.67522        0.00031        0.00026
      245.79413        0.00031        0.00026
      247.91304        0.00031        0.00026
      250.03195        0.00031        0.00027
      252.15086        0.00031        0.00027
      254.26978        0.00031        0.00028
      256.38870        0.00031        0.00028
      258.50760        0.00031        0.00029
      260.62653        0.00031        0.00029
      262.74545        0.00031        0.00030
      264.86435        0.00031        0.00030
      266.98328        0.00031        0.00031
      269.10217        0.00031        0.00031
      271.22110        0.00031        0.00032
      271.22110        0.00000        0.00032
Detection Fct/Global/Plot: Detection Probability 2                                                                                                                                                                                                                                                                                                                                                                                                                                                                                                                                                                                                                                                                                                                                                                                                                                                                                                                                                                                                              
Pooled data                                                 
Radial distance in meters                   
     Detection Probability          
    0.000000E+00      271.221100    0.000000E+00        1.098690
         138
        0.00000        0.92036        1.00000
        2.15255        0.92036        0.99968
        4.30510        0.92036        0.99873
        6.45765        0.92036        0.99715
        8.61019        0.92036        0.99494
       10.76274        0.92036        0.99210
       12.91529        0.92036        0.98864
       15.06784        0.92036        0.98457
       17.22039        0.92036        0.97988
       19.37294        0.92036        0.97460
       21.52548        0.92036        0.96872
       23.67803        0.92036        0.96225
       25.83058        0.92036        0.95521
       27.98313        0.92036        0.94761
       30.13568        0.92036        0.93945
       32.28823        0.92036        0.93076
       34.44078        0.92036        0.92154
       36.59332        0.92036        0.91180
       38.74587        0.92036        0.90158
       40.89842        0.92036        0.89087
       43.05097        0.92036        0.87969
       45.20352        0.92036        0.86807
       45.20352        0.00000        0.86807
       45.20352        0.48210        0.86807
       47.35607        0.48210        0.85602
       49.50861        0.48210        0.84356
       51.66116        0.48210        0.83070
       53.81371        0.48210        0.81747
       55.96626        0.48210        0.80389
       58.11881        0.48210        0.78997
       60.27136        0.48210        0.77574
       62.42390        0.48210        0.76122
       64.57645        0.48210        0.74642
       66.72900        0.48210        0.73137
       68.88155        0.48210        0.71610
       71.03410        0.48210        0.70062
       73.18665        0.48210        0.68495
       75.33920        0.48210        0.66912
       77.49174        0.48210        0.65314
       79.64429        0.48210        0.63705
       81.79684        0.48210        0.62086
       83.94939        0.48210        0.60459
       86.10194        0.48210        0.58826
       88.25449        0.48210        0.57191
       90.40704        0.48210        0.55554
       90.40704        0.00000        0.55554
       90.40704        0.57852        0.55554
       92.55959        0.57852        0.53918
       94.71214        0.57852        0.52285
       96.86468        0.57852        0.50656
       99.01723        0.57852        0.49035
      101.16978        0.57852        0.47422
      103.32233        0.57852        0.45820
      105.47488        0.57852        0.44231
      107.62742        0.57852        0.42656
      109.77997        0.57852        0.41098
      111.93252        0.57852        0.39557
      114.08507        0.57852        0.38035
      116.23762        0.57852        0.36534
      118.39017        0.57852        0.35056
      120.54271        0.57852        0.33602
      122.69526        0.57852        0.32173
      124.84781        0.57852        0.30770
      127.00036        0.57852        0.29395
      129.15291        0.57852        0.28049
      131.30545        0.57852        0.26733
      133.45801        0.57852        0.25448
      135.61055        0.57852        0.24194
      135.61055        0.00000        0.24194
      135.61055        0.11270        0.24194
      137.76309        0.11270        0.22973
      139.91565        0.11270        0.21785
      142.06819        0.11270        0.20631
      144.22075        0.11270        0.19512
      146.37329        0.11270        0.18427
      148.52585        0.11270        0.17378
      150.67839        0.11270        0.16364
      152.83093        0.11270        0.15387
      154.98349        0.11270        0.14446
      157.13603        0.11270        0.13540
      159.28859        0.11270        0.12671
      161.44113        0.11270        0.11838
      163.59369        0.11270        0.11041
      165.74623        0.11270        0.10280
      167.89877        0.11270        0.09554
      170.05133        0.11270        0.08864
      172.20387        0.11270        0.08208
      174.35643        0.11270        0.07586
      176.50897        0.11270        0.06998
      178.66153        0.11270        0.06443
      180.81407        0.11270        0.05921
      180.81407        0.00000        0.05921
      180.81407        0.00000        0.05921
      182.96661        0.00000        0.05430
      185.11917        0.00000        0.04970
      187.27171        0.00000        0.04540
      189.42427        0.00000        0.04139
      191.57681        0.00000        0.03767
      193.72937        0.00000        0.03422
      195.88191        0.00000        0.03104
      198.03445        0.00000        0.02811
      200.18701        0.00000        0.02543
      202.33955        0.00000        0.02298
      204.49211        0.00000        0.02076
      206.64465        0.00000        0.01874
      208.79721        0.00000        0.01693
      210.94975        0.00000        0.01531
      213.10229        0.00000        0.01387
      215.25485        0.00000        0.01260
      217.40739        0.00000        0.01149
      219.55995        0.00000        0.01052
      221.71249        0.00000        0.00969
      223.86505        0.00000        0.00899
      226.01759        0.00000        0.00840
      226.01759        0.00000        0.00840
      226.01759        0.01195        0.00840
      228.17014        0.01195        0.00791
      230.32269        0.01195        0.00752
      232.47523        0.01195        0.00721
      234.62779        0.01195        0.00698
      236.78033        0.01195        0.00682
      238.93288        0.01195        0.00671
      241.08543        0.01195        0.00665
      243.23798        0.01195        0.00663
      245.39052        0.01195        0.00664
      247.54308        0.01195        0.00669
      249.69562        0.01195        0.00674
      251.84818        0.01195        0.00682
      254.00072        0.01195        0.00690
      256.15326        0.01195        0.00698
      258.30582        0.01195        0.00706
      260.45837        0.01195        0.00714
      262.61090        0.01195        0.00720
      264.76346        0.01195        0.00726
      266.91602        0.01195        0.00730
      269.06854        0.01195        0.00732
      271.22110        0.01195        0.00733
      271.22110        0.00000        0.00733
Detection Fct/Global/Plot: Pdf 2                                                                                                                                                                                                                                                                                                                                                                                                                                                                                                                                                                                                                                                                                                                                                                                                                                                                                                                                                                                                                                
Pooled data                                                 
Radial distance in meters                   
       Probability Density          
    0.000000E+00      271.221100    0.000000E+00    1.139057E-02
         138
        0.00000        0.00329        0.00000
        2.15255        0.00329        0.00034
        4.30510        0.00329        0.00068
        6.45765        0.00329        0.00102
        8.61019        0.00329        0.00136
       10.76274        0.00329        0.00169
       12.91529        0.00329        0.00202
       15.06784        0.00329        0.00235
       17.22039        0.00329        0.00267
       19.37294        0.00329        0.00299
       21.52548        0.00329        0.00330
       23.67803        0.00329        0.00361
       25.83058        0.00329        0.00391
       27.98313        0.00329        0.00420
       30.13568        0.00329        0.00448
       32.28823        0.00329        0.00476
       34.44078        0.00329        0.00503
       36.59332        0.00329        0.00528
       38.74587        0.00329        0.00553
       40.89842        0.00329        0.00577
       43.05097        0.00329        0.00600
       45.20352        0.00329        0.00622
       45.20352        0.00000        0.00622
       45.20352        0.00518        0.00622
       47.35607        0.00518        0.00642
       49.50861        0.00518        0.00661
       51.66116        0.00518        0.00680
       53.81371        0.00518        0.00697
       55.96626        0.00518        0.00713
       58.11881        0.00518        0.00727
       60.27136        0.00518        0.00741
       62.42390        0.00518        0.00753
       64.57645        0.00518        0.00763
       66.72900        0.00518        0.00773
       68.88155        0.00518        0.00781
       71.03410        0.00518        0.00788
       73.18665        0.00518        0.00794
       75.33920        0.00518        0.00798
       77.49174        0.00518        0.00802
       79.64429        0.00518        0.00804
       81.79684        0.00518        0.00804
       83.94939        0.00518        0.00804
       86.10194        0.00518        0.00802
       88.25449        0.00518        0.00799
       90.40704        0.00518        0.00795
       90.40704        0.00000        0.00795
       90.40704        0.01036        0.00795
       92.55959        0.01036        0.00790
       94.71214        0.01036        0.00784
       96.86468        0.01036        0.00777
       99.01723        0.01036        0.00769
      101.16978        0.01036        0.00760
      103.32233        0.01036        0.00750
      105.47488        0.01036        0.00739
      107.62742        0.01036        0.00727
      109.77997        0.01036        0.00715
      111.93252        0.01036        0.00701
      114.08507        0.01036        0.00687
      116.23762        0.01036        0.00673
      118.39017        0.01036        0.00657
      120.54271        0.01036        0.00642
      122.69526        0.01036        0.00625
      124.84781        0.01036        0.00608
      127.00036        0.01036        0.00591
      129.15291        0.01036        0.00574
      131.30545        0.01036        0.00556
      133.45801        0.01036        0.00538
      135.61055        0.01036        0.00520
      135.61055        0.00000        0.00520
      135.61055        0.00282        0.00520
      137.76309        0.00282        0.00501
      139.91565        0.00282        0.00483
      142.06819        0.00282        0.00464
      144.22075        0.00282        0.00446
      146.37329        0.00282        0.00427
      148.52585        0.00282        0.00409
      150.67839        0.00282        0.00391
      152.83093        0.00282        0.00372
      154.98349        0.00282        0.00355
      157.13603        0.00282        0.00337
      159.28859        0.00282        0.00320
      161.44113        0.00282        0.00303
      163.59369        0.00282        0.00286
      165.74623        0.00282        0.00270
      167.89877        0.00282        0.00254
      170.05133        0.00282        0.00239
      172.20387        0.00282        0.00224
      174.35643        0.00282        0.00209
      176.50897        0.00282        0.00196
      178.66153        0.00282        0.00182
      180.81407        0.00282        0.00170
      180.81407        0.00000        0.00170
      180.81407        0.00000        0.00170
      182.96661        0.00000        0.00157
      185.11917        0.00000        0.00146
      187.27171        0.00000        0.00135
      189.42427        0.00000        0.00124
      191.57681        0.00000        0.00114
      193.72937        0.00000        0.00105
      195.88191        0.00000        0.00096
      198.03445        0.00000        0.00088
      200.18701        0.00000        0.00081
      202.33955        0.00000        0.00074
      204.49211        0.00000        0.00067
      206.64465        0.00000        0.00061
      208.79721        0.00000        0.00056
      210.94975        0.00000        0.00051
      213.10229        0.00000        0.00047
      215.25485        0.00000        0.00043
      217.40739        0.00000        0.00040
      219.55995        0.00000        0.00037
      221.71249        0.00000        0.00034
      223.86505        0.00000        0.00032
      226.01759        0.00000        0.00030
      226.01759        0.00000        0.00030
      226.01759        0.00047        0.00030
      228.17014        0.00047        0.00029
      230.32269        0.00047        0.00027
      232.47523        0.00047        0.00027
      234.62779        0.00047        0.00026
      236.78033        0.00047        0.00026
      238.93288        0.00047        0.00025
      241.08543        0.00047        0.00025
      243.23798        0.00047        0.00026
      245.39052        0.00047        0.00026
      247.54308        0.00047        0.00026
      249.69562        0.00047        0.00027
      251.84818        0.00047        0.00027
      254.00072        0.00047        0.00028
      256.15326        0.00047        0.00028
      258.30582        0.00047        0.00029
      260.45837        0.00047        0.00029
      262.61090        0.00047        0.00030
      264.76346        0.00047        0.00030
      266.91602        0.00047        0.00031
      269.06854        0.00047        0.00031
      271.22110        0.00047        0.00032
      271.22110        0.00000        0.00032
Detection Fct/Global/Plot: Detection Probability 3                                                                                                                                                                                                                                                                                                                                                                                                                                                                                                                                                                                                                                                                                                                                                                                                                                                                                                                                                                                                              
Pooled data                                                 
Radial distance in meters                   
     Detection Probability          
    0.000000E+00      271.221100    0.000000E+00        1.205240
         150
        0.00000        0.73045        1.00000
        2.08632        0.73045        0.99970
        4.17263        0.73045        0.99881
        6.25895        0.73045        0.99732
        8.34526        0.73045        0.99524
       10.43158        0.73045        0.99258
       12.51790        0.73045        0.98933
       14.60421        0.73045        0.98550
       16.69053        0.73045        0.98109
       18.77685        0.73045        0.97612
       20.86316        0.73045        0.97059
       22.94948        0.73045        0.96450
       25.03579        0.73045        0.95788
       27.12211        0.73045        0.95072
       27.12211        0.00000        0.95072
       27.12211        1.09567        0.95072
       29.20843        1.09567        0.94303
       31.29474        1.09567        0.93484
       33.38106        1.09567        0.92614
       35.46738        1.09567        0.91696
       37.55369        1.09567        0.90730
       39.64001        1.09567        0.89719
       41.72632        1.09567        0.88662
       43.81264        1.09567        0.87563
       45.89896        1.09567        0.86423
       47.98527        1.09567        0.85242
       50.07159        1.09567        0.84023
       52.15791        1.09567        0.82768
       54.24422        1.09567        0.81478
       54.24422        0.00000        0.81478
       54.24422        0.43827        0.81478
       56.33054        0.43827        0.80156
       58.41685        0.43827        0.78802
       60.50317        0.43827        0.77419
       62.58949        0.43827        0.76009
       64.67580        0.43827        0.74573
       66.76212        0.43827        0.73114
       68.84843        0.43827        0.71634
       70.93475        0.43827        0.70134
       73.02106        0.43827        0.68616
       75.10738        0.43827        0.67083
       77.19370        0.43827        0.65536
       79.28001        0.43827        0.63978
       81.36633        0.43827        0.62410
       81.36633        0.00000        0.62410
       81.36633        0.52175        0.62410
       83.45265        0.52175        0.60835
       85.53896        0.52175        0.59254
       87.62528        0.52175        0.57669
       89.71159        0.52175        0.56083
       91.79791        0.52175        0.54496
       93.88423        0.52175        0.52912
       95.97054        0.52175        0.51332
       98.05686        0.52175        0.49757
      100.14318        0.52175        0.48190
      102.22949        0.52175        0.46632
      104.31581        0.52175        0.45085
      106.40212        0.52175        0.43551
      108.48844        0.52175        0.42031
      108.48844        0.00000        0.42031
      108.48844        0.52755        0.42031
      110.57476        0.52755        0.40526
      112.66107        0.52755        0.39039
      114.74739        0.52755        0.37571
      116.83370        0.52755        0.36123
      118.92002        0.52755        0.34696
      121.00634        0.52755        0.33292
      123.09265        0.52755        0.31912
      125.17897        0.52755        0.30557
      127.26529        0.52755        0.29228
      129.35161        0.52755        0.27927
      131.43791        0.52755        0.26653
      133.52423        0.52755        0.25409
      135.61055        0.52755        0.24194
      135.61055        0.00000        0.24194
      135.61055        0.13281        0.24194
      137.69687        0.13281        0.23010
      139.78319        0.13281        0.21857
      141.86951        0.13281        0.20736
      143.95581        0.13281        0.19648
      146.04213        0.13281        0.18592
      148.12845        0.13281        0.17569
      150.21477        0.13281        0.16580
      152.30109        0.13281        0.15624
      154.38741        0.13281        0.14703
      156.47371        0.13281        0.13815
      158.56003        0.13281        0.12961
      160.64635        0.13281        0.12142
      162.73267        0.13281        0.11356
      162.73267        0.00000        0.11356
      162.73267        0.05619        0.11356
      164.81898        0.05619        0.10604
      166.90530        0.05619        0.09885
      168.99161        0.05619        0.09199
      171.07793        0.05619        0.08547
      173.16425        0.05619        0.07926
      175.25056        0.05619        0.07338
      177.33687        0.05619        0.06781
      179.42319        0.05619        0.06255
      181.50951        0.05619        0.05759
      183.59583        0.05619        0.05292
      185.68213        0.05619        0.04854
      187.76845        0.05619        0.04445
      189.85477        0.05619        0.04063
      189.85477        0.00000        0.04063
      189.85477        0.00000        0.04063
      191.94109        0.00000        0.03707
      194.02740        0.00000        0.03377
      196.11372        0.00000        0.03071
      198.20003        0.00000        0.02790
      200.28635        0.00000        0.02531
      202.37267        0.00000        0.02295
      204.45898        0.00000        0.02079
      206.54530        0.00000        0.01883
      208.63162        0.00000        0.01707
      210.71793        0.00000        0.01548
      212.80424        0.00000        0.01406
      214.89056        0.00000        0.01281
      216.97688        0.00000        0.01170
      216.97688        0.00000        0.01170
      216.97688        0.00000        0.01170
      219.06320        0.00000        0.01073
      221.14952        0.00000        0.00990
      223.23584        0.00000        0.00918
      225.32214        0.00000        0.00858
      227.40846        0.00000        0.00807
      229.49478        0.00000        0.00766
      231.58110        0.00000        0.00733
      233.66742        0.00000        0.00708
      235.75374        0.00000        0.00689
      237.84004        0.00000        0.00676
      239.92636        0.00000        0.00668
      242.01268        0.00000        0.00664
      244.09900        0.00000        0.00663
      244.09900        0.00000        0.00663
      244.09900        0.01922        0.00663
      246.18532        0.01922        0.00666
      248.27164        0.01922        0.00670
      250.35794        0.01922        0.00677
      252.44426        0.01922        0.00684
      254.53058        0.01922        0.00692
      256.61688        0.01922        0.00700
      258.70322        0.01922        0.00708
      260.78952        0.01922        0.00715
      262.87582        0.01922        0.00721
      264.96216        0.01922        0.00726
      267.04846        0.01922        0.00730
      269.13480        0.01922        0.00733
      271.22110        0.01922        0.00733
      271.22110        0.00000        0.00733
Detection Fct/Global/Plot: Pdf 3                                                                                                                                                                                                                                                                                                                                                                                                                                                                                                                                                                                                                                                                                                                                                                                                                                                                                                                                                                                                                                
Pooled data                                                 
Radial distance in meters                   
       Probability Density          
    0.000000E+00      271.221100    0.000000E+00    1.121798E-02
         150
        0.00000        0.00157        0.00000
        2.08632        0.00157        0.00033
        4.17263        0.00157        0.00066
        6.25895        0.00157        0.00099
        8.34526        0.00157        0.00132
       10.43158        0.00157        0.00164
       12.51790        0.00157        0.00196
       14.60421        0.00157        0.00228
       16.69053        0.00157        0.00259
       18.77685        0.00157        0.00290
       20.86316        0.00157        0.00321
       22.94948        0.00157        0.00351
       25.03579        0.00157        0.00380
       27.12211        0.00157        0.00408
       27.12211        0.00000        0.00408
       27.12211        0.00706        0.00408
       29.20843        0.00706        0.00436
       31.29474        0.00706        0.00463
       33.38106        0.00706        0.00490
       35.46738        0.00706        0.00515
       37.55369        0.00706        0.00540
       39.64001        0.00706        0.00563
       41.72632        0.00706        0.00586
       43.81264        0.00706        0.00608
       45.89896        0.00706        0.00628
       47.98527        0.00706        0.00648
       50.07159        0.00706        0.00666
       52.15791        0.00706        0.00684
       54.24422        0.00706        0.00700
       54.24422        0.00000        0.00700
       54.24422        0.00471        0.00700
       56.33054        0.00471        0.00715
       58.41685        0.00471        0.00729
       60.50317        0.00471        0.00742
       62.58949        0.00471        0.00754
       64.67580        0.00471        0.00764
       66.76212        0.00471        0.00773
       68.84843        0.00471        0.00781
       70.93475        0.00471        0.00788
       73.02106        0.00471        0.00794
       75.10738        0.00471        0.00798
       77.19370        0.00471        0.00801
       79.28001        0.00471        0.00803
       81.36633        0.00471        0.00804
       81.36633        0.00000        0.00804
       81.36633        0.00784        0.00804
       83.45265        0.00784        0.00804
       85.53896        0.00784        0.00803
       87.62528        0.00784        0.00800
       89.71159        0.00784        0.00797
       91.79791        0.00784        0.00792
       93.88423        0.00784        0.00787
       95.97054        0.00784        0.00780
       98.05686        0.00784        0.00773
      100.14318        0.00784        0.00764
      102.22949        0.00784        0.00755
      104.31581        0.00784        0.00745
      106.40212        0.00784        0.00734
      108.48844        0.00784        0.00722
      108.48844        0.00000        0.00722
      108.48844        0.01020        0.00722
      110.57476        0.01020        0.00710
      112.66107        0.01020        0.00697
      114.74739        0.01020        0.00683
      116.83370        0.01020        0.00668
      118.92002        0.01020        0.00654
      121.00634        0.01020        0.00638
      123.09265        0.01020        0.00622
      125.17897        0.01020        0.00606
      127.26529        0.01020        0.00589
      129.35161        0.01020        0.00572
      131.43791        0.01020        0.00555
      133.52423        0.01020        0.00537
      135.61055        0.01020        0.00520
      135.61055        0.00000        0.00520
      135.61055        0.00314        0.00520
      137.69687        0.00314        0.00502
      139.78319        0.00314        0.00484
      141.86951        0.00314        0.00466
      143.95581        0.00314        0.00448
      146.04213        0.00314        0.00430
      148.12845        0.00314        0.00412
      150.21477        0.00314        0.00394
      152.30109        0.00314        0.00377
      154.38741        0.00314        0.00360
      156.47371        0.00314        0.00342
      158.56003        0.00314        0.00326
      160.64635        0.00314        0.00309
      162.73267        0.00314        0.00293
      162.73267        0.00000        0.00293
      162.73267        0.00157        0.00293
      164.81898        0.00157        0.00277
      166.90530        0.00157        0.00261
      168.99161        0.00157        0.00246
      171.07793        0.00157        0.00232
      173.16425        0.00157        0.00217
      175.25056        0.00157        0.00204
      177.33687        0.00157        0.00190
      179.42319        0.00157        0.00178
      181.50951        0.00157        0.00166
      183.59583        0.00157        0.00154
      185.68213        0.00157        0.00143
      187.76845        0.00157        0.00132
      189.85477        0.00157        0.00122
      189.85477        0.00000        0.00122
      189.85477        0.00000        0.00122
      191.94109        0.00000        0.00113
      194.02740        0.00000        0.00104
      196.11372        0.00000        0.00095
      198.20003        0.00000        0.00088
      200.28635        0.00000        0.00080
      202.37267        0.00000        0.00074
      204.45898        0.00000        0.00067
      206.54530        0.00000        0.00062
      208.63162        0.00000        0.00056
      210.71793        0.00000        0.00052
      212.80424        0.00000        0.00047
      214.89056        0.00000        0.00044
      216.97688        0.00000        0.00040
      216.97688        0.00000        0.00040
      216.97688        0.00000        0.00040
      219.06320        0.00000        0.00037
      221.14952        0.00000        0.00035
      223.23584        0.00000        0.00032
      225.32214        0.00000        0.00031
      227.40846        0.00000        0.00029
      229.49478        0.00000        0.00028
      231.58110        0.00000        0.00027
      233.66742        0.00000        0.00026
      235.75374        0.00000        0.00026
      237.84004        0.00000        0.00025
      239.92636        0.00000        0.00025
      242.01268        0.00000        0.00025
      244.09900        0.00000        0.00026
      244.09900        0.00000        0.00026
      244.09900        0.00078        0.00026
      246.18532        0.00078        0.00026
      248.27164        0.00078        0.00026
      250.35794        0.00078        0.00027
      252.44426        0.00078        0.00027
      254.53058        0.00078        0.00028
      256.61688        0.00078        0.00028
      258.70322        0.00078        0.00029
      260.78952        0.00078        0.00030
      262.87582        0.00078        0.00030
      264.96216        0.00078        0.00030
      267.04846        0.00078        0.00031
      269.13480        0.00078        0.00031
      271.22110        0.00078        0.00032
      271.22110        0.00000        0.00032
