                                                   
     0     0 1 1   1   47.00000          0.0000000      0.0000000      0.0000000      0.0000000
     0     0 1 1   2   96.00000          0.0000000      0.0000000      0.0000000      0.0000000
     0     0 1 1   3   190.0000          0.0000000      0.0000000      0.0000000      0.0000000
     0     0 1 1   4  0.2473684      0.1770701      0.1745236      0.3506182       95.00000    
     0     0 1 1   5      0.0000000      0.0000000      0.0000000      0.0000000      0.0000000
     0     0 1 1   6   271.2211          0.0000000      0.0000000      0.0000000      0.0000000
     0     0 1 2   1   2.000000          0.0000000      0.0000000      0.0000000      0.0000000
     0     0 1 2   4  0.1583892E-03  0.1642317      0.1140314E-03  0.2200020E-03   45.00000    
     0     0 1 2   5  0.1716554      0.1642317      0.1235823      0.2384287       45.00000    
     0     0 1 2   6   112.3705      0.8211586E-01   95.26753       132.5438       45.00000    
     0     0 1 2   2   494.6088          0.0000000      0.0000000      0.0000000      0.0000000
     0     0 1 2   7   494.8816          0.0000000      0.0000000      0.0000000      0.0000000
     0     0 1 2   8   498.3091          0.0000000      0.0000000      0.0000000      0.0000000
     0     0 1 2   9  -245.3044          0.0000000      0.0000000      0.0000000      0.0000000
     0     0 1 2  13   1.000000          0.0000000      0.0000000      0.0000000      0.0000000
     0     0 1 2  14   3.000000          0.0000000      0.0000000      0.0000000      0.0000000
     0     0 1 2  15      0.0000000      0.0000000      0.0000000      0.0000000      0.0000000
     0     0 1 2  16   2.000000          0.0000000      0.0000000      0.0000000      0.0000000
     0     0 1 2  17      0.0000000      0.0000000      0.0000000      0.0000000      0.0000000
     0     0 1 2 101   1.331354      0.7642985E-01      0.0000000      0.0000000      0.0000000
     0     0 1 2 102  0.3510245      0.2849297          0.0000000      0.0000000      0.0000000
     0     0 1 2  10  0.4739598          0.0000000      0.0000000      0.0000000      0.0000000
     0     0 1 2  11  0.6000000          0.0000000      0.0000000      0.0000000      0.0000000
     0     0 1 2  12  0.6000000          0.0000000      0.0000000      0.0000000      0.0000000
     0     0 1 2   3  0.3653752          0.0000000      0.0000000      0.0000000      0.0000000
     0     0 1 2   3  0.4143333E-01      0.0000000      0.0000000      0.0000000      0.0000000
     0     0 1 2   3  0.2125555          0.0000000      0.0000000      0.0000000      0.0000000
     0     0 1 4   1   6.235769      0.2415075       3.893096       9.988147       128.3036    
     0     0 1 4   2   6.235769      0.2415075       3.893096       9.988147       128.3036    
     0     0 1 4   3   150.0000      0.2415075       93.00000       240.0000       128.3036    
