                                                   
     0     0 1 1   1   403.0000          0.0000000      0.0000000      0.0000000      0.0000000
     0     0 1 1   2   96.00000          0.0000000      0.0000000      0.0000000      0.0000000
     0     0 1 1   3   190.0000          0.0000000      0.0000000      0.0000000      0.0000000
     0     0 1 1   4   2.121053      0.6838444E-01   1.852082       2.429085       95.00000    
     0     0 1 1   5      0.0000000      0.0000000      0.0000000      0.0000000      0.0000000
     0     0 1 1   6   511.4098          0.0000000      0.0000000      0.0000000      0.0000000
     0     0 1 2   1   2.000000          0.0000000      0.0000000      0.0000000      0.0000000
     0     0 1 2   4  0.1094710E-03  0.7105763E-01  0.9521561E-04  0.1258608E-03   401.0000    
     0     0 1 2   5  0.6985422E-01  0.7105763E-01  0.6075773E-01  0.8031262E-01   401.0000    
     0     0 1 2   6   135.1653      0.3552882E-01   126.0495       144.9404       401.0000    
     0     0 1 2   2   4526.764          0.0000000      0.0000000      0.0000000      0.0000000
     0     0 1 2   7   4526.793          0.0000000      0.0000000      0.0000000      0.0000000
     0     0 1 2   8   4534.762          0.0000000      0.0000000      0.0000000      0.0000000
     0     0 1 2   9  -2261.382          0.0000000      0.0000000      0.0000000      0.0000000
     0     0 1 2  13   4.000000          0.0000000      0.0000000      0.0000000      0.0000000
     0     0 1 2  14   3.000000          0.0000000      0.0000000      0.0000000      0.0000000
     0     0 1 2  15   2.000000          0.0000000      0.0000000      0.0000000      0.0000000
     0     0 1 2  16      0.0000000      0.0000000      0.0000000      0.0000000      0.0000000
     0     0 1 2  17      0.0000000      0.0000000      0.0000000      0.0000000      0.0000000
     0     0 1 2 101   100.7935      0.5150293E-01      0.0000000      0.0000000      0.0000000
     0     0 1 2 102   3.829198      0.5503453E-01      0.0000000      0.0000000      0.0000000
     0     0 1 2  10  0.5173957          0.0000000      0.0000000      0.0000000      0.0000000
     0     0 1 2  11  0.6000000          0.0000000      0.0000000      0.0000000      0.0000000
     0     0 1 2  12  0.6000000          0.0000000      0.0000000      0.0000000      0.0000000
     0     0 1 2   3  0.1633545          0.0000000      0.0000000      0.0000000      0.0000000
     0     0 1 2   3  0.5630314E-02      0.0000000      0.0000000      0.0000000      0.0000000
     0     0 1 2   3  0.2468109E-02      0.0000000      0.0000000      0.0000000      0.0000000
     0     0 1 4   1   36.95480      0.9861854E-01   30.45185       44.84645       321.9710    
     0     0 1 4   2   36.95480      0.9861854E-01   30.45185       44.84645       321.9710    
     0     0 1 4   3   887.0000      0.9861854E-01   731.0000       1076.000       321.9710    
