Detection Fct/Global/Plot: Qq-plot                                                                                                                                                                                                                                                                                                                                                                                                                                                                                                                                                                                                                                                                                                                                                                                                                                                                                                                                                                                                                              
Pooled data                                                 
 Empirical distribution function
 Fitted cumulative distribution function
    0.000000E+00        1.000000    0.000000E+00        1.000000
         401
        0.00125        0.00276
        0.00374        0.00542
        0.00623        0.00561
        0.00873        0.00580
        0.01122        0.00875
        0.01372        0.00937
        0.01621        0.01930
        0.01870        0.01938
        0.02120        0.02087
        0.02369        0.02295
        0.02618        0.02586
        0.02868        0.02663
        0.03117        0.03071
        0.03367        0.03421
        0.03616        0.03448
        0.03865        0.03479
        0.04115        0.03530
        0.04364        0.03563
        0.04613        0.03577
        0.04863        0.03652
        0.05112        0.04208
        0.05362        0.04236
        0.05611        0.04236
        0.05860        0.04236
        0.06110        0.04294
        0.06359        0.04304
        0.06608        0.04459
        0.06858        0.04662
        0.07107        0.04844
        0.07357        0.05516
        0.07606        0.05954
        0.07855        0.06668
        0.08105        0.07083
        0.08354        0.07242
        0.08603        0.07614
        0.08853        0.07776
        0.09102        0.07804
        0.09352        0.08352
        0.09601        0.08831
        0.09850        0.09167
        0.10100        0.09205
        0.10349        0.09314
        0.10599        0.10319
        0.10848        0.10542
        0.11097        0.10570
        0.11347        0.11373
        0.11596        0.11696
        0.11845        0.11820
        0.12095        0.11835
        0.12344        0.11887
        0.12594        0.12061
        0.12843        0.12496
        0.13092        0.12500
        0.13342        0.12656
        0.13591        0.13222
        0.13840        0.13632
        0.14090        0.13654
        0.14339        0.15212
        0.14589        0.15366
        0.14838        0.15705
        0.15087        0.15901
        0.15337        0.16015
        0.15586        0.16421
        0.15835        0.16734
        0.16085        0.16824
        0.16334        0.17048
        0.16584        0.17128
        0.16833        0.17326
        0.17082        0.17907
        0.17332        0.18152
        0.17581        0.18262
        0.17830        0.18278
        0.18080        0.18695
        0.18329        0.18735
        0.18579        0.18924
        0.18828        0.19213
        0.19077        0.19666
        0.19327        0.19802
        0.19576        0.20419
        0.19825        0.21008
        0.20075        0.21451
        0.20324        0.21479
        0.20574        0.21512
        0.20823        0.21522
        0.21072        0.21683
        0.21322        0.21919
        0.21571        0.22374
        0.21820        0.22397
        0.22070        0.22778
        0.22319        0.23130
        0.22569        0.23274
        0.22818        0.23403
        0.23067        0.23921
        0.23317        0.24534
        0.23566        0.24669
        0.23815        0.24907
        0.24065        0.25288
        0.24314        0.25837
        0.24564        0.26211
        0.24813        0.26235
        0.25062        0.27455
        0.25312        0.27543
        0.25561        0.27800
        0.25810        0.28125
        0.26060        0.28215
        0.26309        0.28336
        0.26559        0.28400
        0.26808        0.28571
        0.27057        0.28869
        0.27307        0.28968
        0.27556        0.29117
        0.27805        0.29481
        0.28055        0.30072
        0.28304        0.30441
        0.28554        0.30505
        0.28803        0.30875
        0.29052        0.31100
        0.29302        0.31400
        0.29551        0.31427
        0.29800        0.31482
        0.30050        0.31488
        0.30299        0.31784
        0.30549        0.32264
        0.30798        0.32311
        0.31047        0.32586
        0.31297        0.32609
        0.31546        0.32712
        0.31796        0.32847
        0.32045        0.33098
        0.32294        0.33237
        0.32544        0.33769
        0.32793        0.34167
        0.33042        0.34194
        0.33292        0.34363
        0.33541        0.34395
        0.33791        0.34496
        0.34040        0.34715
        0.34289        0.34754
        0.34539        0.34932
        0.34788        0.35197
        0.35037        0.35433
        0.35287        0.36400
        0.35536        0.36979
        0.35786        0.36998
        0.36035        0.37158
        0.36284        0.37288
        0.36534        0.37569
        0.36783        0.37581
        0.37032        0.38157
        0.37282        0.38203
        0.37531        0.38227
        0.37781        0.38527
        0.38030        0.38631
        0.38279        0.38880
        0.38529        0.39001
        0.38778        0.39153
        0.39027        0.39527
        0.39277        0.39550
        0.39526        0.39622
        0.39776        0.39660
        0.40025        0.39811
        0.40274        0.39814
        0.40524        0.40143
        0.40773        0.40505
        0.41022        0.40582
        0.41272        0.40599
        0.41521        0.40706
        0.41771        0.40764
        0.42020        0.40869
        0.42269        0.41033
        0.42519        0.41159
        0.42768        0.41264
        0.43017        0.41271
        0.43267        0.41396
        0.43516        0.41408
        0.43766        0.41463
        0.44015        0.41573
        0.44264        0.42684
        0.44514        0.42841
        0.44763        0.43190
        0.45012        0.43367
        0.45262        0.43550
        0.45511        0.43739
        0.45761        0.43775
        0.46010        0.44063
        0.46259        0.44278
        0.46509        0.44614
        0.46758        0.44744
        0.47007        0.44839
        0.47257        0.45141
        0.47506        0.45465
        0.47756        0.45913
        0.48005        0.45937
        0.48254        0.45962
        0.48504        0.46330
        0.48753        0.46446
        0.49002        0.46471
        0.49252        0.46564
        0.49501        0.46695
        0.49751        0.46850
        0.50000        0.46880
        0.50249        0.46932
        0.50499        0.47534
        0.50748        0.48450
        0.50998        0.48551
        0.51247        0.48648
        0.51496        0.48737
        0.51746        0.49027
        0.51995        0.50005
        0.52244        0.50201
        0.52494        0.50249
        0.52743        0.51313
        0.52993        0.51627
        0.53242        0.51640
        0.53491        0.51780
        0.53741        0.51896
        0.53990        0.52215
        0.54239        0.52694
        0.54489        0.53316
        0.54738        0.53863
        0.54988        0.54008
        0.55237        0.54219
        0.55486        0.54664
        0.55736        0.54667
        0.55985        0.55922
        0.56234        0.55938
        0.56484        0.56750
        0.56733        0.56960
        0.56983        0.57105
        0.57232        0.57605
        0.57481        0.57786
        0.57731        0.57944
        0.57980        0.57950
        0.58229        0.58039
        0.58479        0.59094
        0.58728        0.59147
        0.58978        0.59707
        0.59227        0.60046
        0.59476        0.60427
        0.59726        0.60481
        0.59975        0.62068
        0.60224        0.62218
        0.60474        0.63383
        0.60723        0.63564
        0.60973        0.63619
        0.61222        0.63827
        0.61471        0.64166
        0.61721        0.64590
        0.61970        0.64825
        0.62219        0.64879
        0.62469        0.65551
        0.62718        0.65739
        0.62968        0.66021
        0.63217        0.66125
        0.63466        0.66182
        0.63716        0.66182
        0.63965        0.66856
        0.64214        0.67440
        0.64464        0.67624
        0.64713        0.67688
        0.64963        0.67927
        0.65212        0.68539
        0.65461        0.68805
        0.65711        0.69064
        0.65960        0.69508
        0.66209        0.70062
        0.66459        0.70206
        0.66708        0.70380
        0.66958        0.70524
        0.67207        0.70747
        0.67456        0.70762
        0.67706        0.71058
        0.67955        0.71314
        0.68204        0.71430
        0.68454        0.71443
        0.68703        0.71458
        0.68953        0.71723
        0.69202        0.71746
        0.69451        0.72020
        0.69701        0.72314
        0.69950        0.72622
        0.70200        0.72833
        0.70449        0.72834
        0.70698        0.73265
        0.70948        0.73452
        0.71197        0.73566
        0.71446        0.73884
        0.71696        0.73907
        0.71945        0.74229
        0.72195        0.74250
        0.72444        0.74500
        0.72693        0.74570
        0.72943        0.74763
        0.73192        0.74966
        0.73441        0.74970
        0.73691        0.75015
        0.73940        0.75287
        0.74190        0.75526
        0.74439        0.75598
        0.74688        0.75846
        0.74938        0.75942
        0.75187        0.76204
        0.75436        0.76611
        0.75686        0.76781
        0.75935        0.77104
        0.76185        0.77495
        0.76434        0.77599
        0.76683        0.77701
        0.76933        0.78261
        0.77182        0.78454
        0.77431        0.79235
        0.77681        0.79488
        0.77930        0.79598
        0.78180        0.79859
        0.78429        0.79887
        0.78678        0.80304
        0.78928        0.80484
        0.79177        0.80531
        0.79426        0.81266
        0.79676        0.81450
        0.79925        0.81531
        0.80175        0.81716
        0.80424        0.81832
        0.80673        0.81857
        0.80923        0.82895
        0.81172        0.82979
        0.81421        0.83011
        0.81671        0.83051
        0.81920        0.83096
        0.82170        0.83148
        0.82419        0.83195
        0.82668        0.83250
        0.82918        0.83273
        0.83167        0.83413
        0.83416        0.83636
        0.83666        0.83679
        0.83915        0.83953
        0.84165        0.84023
        0.84414        0.84286
        0.84663        0.84294
        0.84913        0.84495
        0.85162        0.84521
        0.85411        0.84552
        0.85661        0.84563
        0.85910        0.84739
        0.86160        0.84894
        0.86409        0.85409
        0.86658        0.85640
        0.86908        0.85837
        0.87157        0.85929
        0.87406        0.86018
        0.87656        0.86318
        0.87905        0.86693
        0.88155        0.87250
        0.88404        0.87743
        0.88653        0.87822
        0.88903        0.88131
        0.89152        0.88554
        0.89401        0.88754
        0.89651        0.89143
        0.89900        0.89149
        0.90150        0.89243
        0.90399        0.89432
        0.90648        0.89433
        0.90898        0.89669
        0.91147        0.89712
        0.91397        0.89717
        0.91646        0.89810
        0.91895        0.89960
        0.92145        0.90051
        0.92394        0.90061
        0.92643        0.90081
        0.92893        0.90180
        0.93142        0.90682
        0.93392        0.90773
        0.93641        0.90852
        0.93890        0.91286
        0.94140        0.91446
        0.94389        0.91533
        0.94638        0.92301
        0.94888        0.92467
        0.95137        0.92621
        0.95387        0.93080
        0.95636        0.93733
        0.95885        0.93821
        0.96135        0.94456
        0.96384        0.94699
        0.96633        0.94811
        0.96883        0.95865
        0.97132        0.97495
        0.97382        0.97538
        0.97631        0.97538
        0.97880        0.97575
        0.98130        0.97854
        0.98379        0.97854
        0.98628        0.98281
        0.98878        0.98281
        0.99127        0.98357
        0.99377        0.98400
        0.99626        0.99698
        0.99875        0.99945
Detection Fct/Global/Plot: Detection Probability 1                                                                                                                                                                                                                                                                                                                                                                                                                                                                                                                                                                                                                                                                                                                                                                                                                                                                                                                                                                                                              
Pooled data                                                 
Radial distance in meters                   
     Detection Probability          
    0.000000E+00      492.328003    0.000000E+00        1.177054
         168
        0.00000 **************        1.00000
        0.45540 **************        1.00000
        0.91079 **************        1.00000
        1.36619 **************        1.00000
        1.82158 **************        1.00000
        2.27698 **************        1.00000
        2.73238 **************        1.00000
        3.18777 **************        1.00000
        3.64317 **************        1.00000
        4.09856 **************        1.00000
        4.55396 **************        1.00000
        4.55396        0.00000        1.00000
        4.55396        1.07005        1.00000
        8.30607        1.07005        1.00000
       12.05818        1.07005        1.00000
       15.81028        1.07005        1.00000
       19.56239        1.07005        1.00000
       23.31450        1.07005        1.00000
       27.06661        1.07005        1.00000
       30.81872        1.07005        1.00000
       34.57082        1.07005        1.00000
       38.32293        1.07005        1.00000
       42.07504        1.07005        1.00000
       42.07504        0.00000        1.00000
       42.07504        0.93733        1.00000
       45.82715        0.93733        1.00000
       49.57925        0.93733        1.00000
       53.33136        0.93733        0.99996
       57.08347        0.93733        0.99964
       60.83558        0.93733        0.99807
       64.58769        0.93733        0.99319
       68.33980        0.93733        0.98231
       72.09190        0.93733        0.96312
       75.84402        0.93733        0.93457
       79.59612        0.93733        0.89711
       79.59612        0.00000        0.89711
       79.59612        0.61599        0.89711
       83.34823        0.61599        0.85228
       87.10034        0.61599        0.80222
       90.85245        0.61599        0.74916
       94.60455        0.61599        0.69509
       98.35666        0.61599        0.64161
      102.10877        0.61599        0.58991
      105.86088        0.61599        0.54080
      109.61298        0.61599        0.49477
      113.36510        0.61599        0.45205
      117.11720        0.61599        0.41272
      117.11720        0.00000        0.41272
      117.11720        0.26666        0.41272
      120.86931        0.26666        0.37671
      124.62141        0.26666        0.34387
      128.37352        0.26666        0.31403
      132.12563        0.26666        0.28697
      135.87775        0.26666        0.26245
      139.62985        0.26666        0.24027
      143.38196        0.26666        0.22020
      147.13406        0.26666        0.20203
      150.88617        0.26666        0.18560
      154.63828        0.26666        0.17071
      154.63828        0.00000        0.17071
      154.63828        0.14045        0.17071
      158.39038        0.14045        0.15722
      162.14249        0.14045        0.14499
      165.89461        0.14045        0.13388
      169.64671        0.14045        0.12378
      173.39882        0.14045        0.11459
      177.15092        0.14045        0.10621
      180.90303        0.14045        0.09857
      184.65515        0.14045        0.09160
      188.40726        0.14045        0.08522
      192.15936        0.14045        0.07938
      192.15936        0.00000        0.07938
      192.15936        0.06196        0.07938
      195.91147        0.06196        0.07402
      199.66357        0.06196        0.06911
      203.41568        0.06196        0.06459
      207.16779        0.06196        0.06043
      210.91989        0.06196        0.05660
      214.67201        0.06196        0.05307
      218.42412        0.06196        0.04980
      222.17622        0.06196        0.04679
      225.92833        0.06196        0.04400
      229.68044        0.06196        0.04141
      229.68044        0.00000        0.04141
      229.68044        0.04304        0.04141
      233.43254        0.04304        0.03901
      237.18465        0.04304        0.03678
      240.93675        0.04304        0.03471
      244.68886        0.04304        0.03278
      248.44098        0.04304        0.03099
      252.19308        0.04304        0.02932
      255.94519        0.04304        0.02776
      259.69730        0.04304        0.02630
      263.44940        0.04304        0.02493
      267.20151        0.04304        0.02366
      267.20151        0.00000        0.02366
      267.20151        0.01246        0.02366
      270.95361        0.01246        0.02246
      274.70572        0.01246        0.02134
      278.45782        0.01246        0.02029
      282.20993        0.01246        0.01931
      285.96204        0.01246        0.01838
      289.71417        0.01246        0.01751
      293.46628        0.01246        0.01669
      297.21838        0.01246        0.01592
      300.97049        0.01246        0.01519
      304.72260        0.01246        0.01450
      304.72260        0.00000        0.01450
      304.72260        0.00184        0.01450
      308.47470        0.00184        0.01385
      312.22681        0.00184        0.01324
      315.97891        0.00184        0.01266
      319.73102        0.00184        0.01212
      323.48315        0.00184        0.01160
      327.23526        0.00184        0.01111
      330.98737        0.00184        0.01065
      334.73947        0.00184        0.01021
      338.49158        0.00184        0.00979
      342.24368        0.00184        0.00940
      342.24368        0.00000        0.00940
      342.24368        0.00987        0.00940
      345.99579        0.00987        0.00902
      349.74789        0.00987        0.00866
      353.50000        0.00987        0.00832
      357.25211        0.00987        0.00800
      361.00421        0.00987        0.00769
      364.75635        0.00987        0.00740
      368.50845        0.00987        0.00712
      372.26056        0.00987        0.00686
      376.01266        0.00987        0.00660
      379.76477        0.00987        0.00636
      379.76477        0.00000        0.00636
      379.76477        0.00596        0.00636
      383.51688        0.00596        0.00613
      387.26898        0.00596        0.00591
      391.02109        0.00596        0.00570
      394.77319        0.00596        0.00550
      398.52530        0.00596        0.00531
      402.27740        0.00596        0.00513
      406.02951        0.00596        0.00495
      409.78162        0.00596        0.00478
      413.53372        0.00596        0.00462
      417.28583        0.00596        0.00447
      417.28583        0.00000        0.00447
      417.28583        0.00000        0.00447
      421.03793        0.00000        0.00432
      424.79004        0.00000        0.00418
      428.54214        0.00000        0.00404
      432.29425        0.00000        0.00391
      436.04639        0.00000        0.00379
      439.79849        0.00000        0.00367
      443.55060        0.00000        0.00355
      447.30270        0.00000        0.00344
      451.05481        0.00000        0.00334
      454.80692        0.00000        0.00324
      454.80692        0.00000        0.00324
      454.80692        0.00251        0.00324
      458.55902        0.00251        0.00314
      462.31113        0.00251        0.00304
      466.06323        0.00251        0.00295
      469.81534        0.00251        0.00286
      473.56744        0.00251        0.00278
      477.31958        0.00251        0.00270
      481.07169        0.00251        0.00262
      484.82379        0.00251        0.00254
      488.57590        0.00251        0.00247
      492.32800        0.00251        0.00240
      492.32800        0.00000        0.00240
Detection Fct/Global/Plot: Pdf 1                                                                                                                                                                                                                                                                                                                                                                                                                                                                                                                                                                                                                                                                                                                                                                                                                                                                                                                                                                                                                                
Pooled data                                                 
Radial distance in meters                   
       Probability Density          
    0.000000E+00      492.328003    0.000000E+00    8.743995E-03
         168
        0.00000 **************        0.00000
        0.45540 **************        0.00005
        0.91079 **************        0.00010
        1.36619 **************        0.00015
        1.82158 **************        0.00020
        2.27698 **************        0.00025
        2.73238 **************        0.00031
        3.18777 **************        0.00036
        3.64317 **************        0.00041
        4.09856 **************        0.00046
        4.55396 **************        0.00051
        4.55396        0.00000        0.00051
        4.55396        0.00279        0.00051
        8.30607        0.00279        0.00093
       12.05818        0.00279        0.00135
       15.81028        0.00279        0.00177
       19.56239        0.00279        0.00219
       23.31450        0.00279        0.00261
       27.06661        0.00279        0.00303
       30.81872        0.00279        0.00345
       34.57082        0.00279        0.00387
       38.32293        0.00279        0.00429
       42.07504        0.00279        0.00471
       42.07504        0.00000        0.00471
       42.07504        0.00638        0.00471
       45.82715        0.00638        0.00513
       49.57925        0.00638        0.00555
       53.33136        0.00638        0.00597
       57.08347        0.00638        0.00638
       60.83558        0.00638        0.00679
       64.58769        0.00638        0.00718
       68.33980        0.00638        0.00751
       72.09190        0.00638        0.00777
       75.84402        0.00638        0.00793
       79.59612        0.00638        0.00799
       79.59612        0.00000        0.00799
       79.59612        0.00678        0.00799
       83.34823        0.00678        0.00795
       87.10034        0.00678        0.00782
       90.85245        0.00678        0.00762
       94.60455        0.00678        0.00736
       98.35666        0.00678        0.00706
      102.10877        0.00678        0.00674
      105.86088        0.00678        0.00641
      109.61298        0.00678        0.00607
      113.36510        0.00678        0.00573
      117.11720        0.00678        0.00541
      117.11720        0.00000        0.00541
      117.11720        0.00405        0.00541
      120.86931        0.00405        0.00509
      124.62141        0.00405        0.00480
      128.37352        0.00405        0.00451
      132.12563        0.00405        0.00424
      135.87775        0.00405        0.00399
      139.62985        0.00405        0.00375
      143.38196        0.00405        0.00353
      147.13406        0.00405        0.00333
      150.88617        0.00405        0.00313
      154.63828        0.00405        0.00295
      154.63828        0.00000        0.00295
      154.63828        0.00272        0.00295
      158.39038        0.00272        0.00279
      162.14249        0.00272        0.00263
      165.89461        0.00272        0.00249
      169.64671        0.00272        0.00235
      173.39882        0.00272        0.00222
      177.15092        0.00272        0.00211
      180.90303        0.00272        0.00200
      184.65515        0.00272        0.00189
      188.40726        0.00272        0.00180
      192.15936        0.00272        0.00171
      192.15936        0.00000        0.00171
      192.15936        0.00146        0.00171
      195.91147        0.00146        0.00162
      199.66357        0.00146        0.00154
      203.41568        0.00146        0.00147
      207.16779        0.00146        0.00140
      210.91989        0.00146        0.00134
      214.67201        0.00146        0.00127
      218.42412        0.00146        0.00122
      222.17622        0.00146        0.00116
      225.92833        0.00146        0.00111
      229.68044        0.00146        0.00106
      229.68044        0.00000        0.00106
      229.68044        0.00120        0.00106
      233.43254        0.00120        0.00102
      237.18465        0.00120        0.00098
      240.93675        0.00120        0.00094
      244.68886        0.00120        0.00090
      248.44098        0.00120        0.00086
      252.19308        0.00120        0.00083
      255.94519        0.00120        0.00079
      259.69730        0.00120        0.00076
      263.44940        0.00120        0.00073
      267.20151        0.00120        0.00071
      267.20151        0.00000        0.00071
      267.20151        0.00040        0.00071
      270.95361        0.00040        0.00068
      274.70572        0.00040        0.00066
      278.45782        0.00040        0.00063
      282.20993        0.00040        0.00061
      285.96204        0.00040        0.00059
      289.71417        0.00040        0.00057
      293.46628        0.00040        0.00055
      297.21838        0.00040        0.00053
      300.97049        0.00040        0.00051
      304.72260        0.00040        0.00049
      304.72260        0.00000        0.00049
      304.72260        0.00007        0.00049
      308.47470        0.00007        0.00048
      312.22681        0.00007        0.00046
      315.97891        0.00007        0.00045
      319.73102        0.00007        0.00043
      323.48315        0.00007        0.00042
      327.23526        0.00007        0.00041
      330.98737        0.00007        0.00039
      334.73947        0.00007        0.00038
      338.49158        0.00007        0.00037
      342.24368        0.00007        0.00036
      342.24368        0.00000        0.00036
      342.24368        0.00040        0.00036
      345.99579        0.00040        0.00035
      349.74789        0.00040        0.00034
      353.50000        0.00040        0.00033
      357.25211        0.00040        0.00032
      361.00421        0.00040        0.00031
      364.75635        0.00040        0.00030
      368.50845        0.00040        0.00029
      372.26056        0.00040        0.00029
      376.01266        0.00040        0.00028
      379.76477        0.00040        0.00027
      379.76477        0.00000        0.00027
      379.76477        0.00027        0.00027
      383.51688        0.00027        0.00026
      387.26898        0.00027        0.00026
      391.02109        0.00027        0.00025
      394.77319        0.00027        0.00024
      398.52530        0.00027        0.00024
      402.27740        0.00027        0.00023
      406.02951        0.00027        0.00022
      409.78162        0.00027        0.00022
      413.53372        0.00027        0.00021
      417.28583        0.00027        0.00021
      417.28583        0.00000        0.00021
      417.28583        0.00000        0.00021
      421.03793        0.00000        0.00020
      424.79004        0.00000        0.00020
      428.54214        0.00000        0.00019
      432.29425        0.00000        0.00019
      436.04639        0.00000        0.00018
      439.79849        0.00000        0.00018
      443.55060        0.00000        0.00018
      447.30270        0.00000        0.00017
      451.05481        0.00000        0.00017
      454.80692        0.00000        0.00016
      454.80692        0.00000        0.00016
      454.80692        0.00013        0.00016
      458.55902        0.00013        0.00016
      462.31113        0.00013        0.00016
      466.06323        0.00013        0.00015
      469.81534        0.00013        0.00015
      473.56744        0.00013        0.00015
      477.31958        0.00013        0.00014
      481.07169        0.00013        0.00014
      484.82379        0.00013        0.00014
      488.57590        0.00013        0.00014
      492.32800        0.00013        0.00013
      492.32800        0.00000        0.00013
