                                                   
     0     0 1 1   1   401.0000          0.0000000      0.0000000      0.0000000      0.0000000
     0     0 1 1   2   96.00000          0.0000000      0.0000000      0.0000000      0.0000000
     0     0 1 1   3   190.0000          0.0000000      0.0000000      0.0000000      0.0000000
     0     0 1 1   4   2.110526      0.6867700E-01   1.841824       2.418429       95.00000    
     0     0 1 1   5   4.553960          0.0000000      0.0000000      0.0000000      0.0000000
     0     0 1 1   6   492.3280          0.0000000      0.0000000      0.0000000      0.0000000
     0     0 1 2   1   2.000000          0.0000000      0.0000000      0.0000000      0.0000000
     0     0 1 2   4  0.1118922E-03  0.7300479E-01  0.9695091E-04  0.1291362E-03   399.0000    
     0     0 1 2   5  0.7374303E-01  0.7300479E-01  0.6389590E-01  0.8510773E-01   399.0000    
     0     0 1 2   6   133.6950      0.3650239E-01   124.4400       143.6382       399.0000    
     0     0 1 2   2   4488.174          0.0000000      0.0000000      0.0000000      0.0000000
     0     0 1 2   7   4488.205          0.0000000      0.0000000      0.0000000      0.0000000
     0     0 1 2   8   4496.162          0.0000000      0.0000000      0.0000000      0.0000000
     0     0 1 2   9  -2242.087          0.0000000      0.0000000      0.0000000      0.0000000
     0     0 1 2  13   4.000000          0.0000000      0.0000000      0.0000000      0.0000000
     0     0 1 2  14   1.000000          0.0000000      0.0000000      0.0000000      0.0000000
     0     0 1 2  15   2.000000          0.0000000      0.0000000      0.0000000      0.0000000
     0     0 1 2  16      0.0000000      0.0000000      0.0000000      0.0000000      0.0000000
     0     0 1 2  17      0.0000000      0.0000000      0.0000000      0.0000000      0.0000000
     0     0 1 2 101   99.03355      0.5326374E-01      0.0000000      0.0000000      0.0000000
     0     0 1 2 102   3.760158      0.5627085E-01      0.0000000      0.0000000      0.0000000
     0     0 1 2  10  0.5500754          0.0000000      0.0000000      0.0000000      0.0000000
     0     0 1 2  11  0.6000000          0.0000000      0.0000000      0.0000000      0.0000000
     0     0 1 2  12  0.7000000          0.0000000      0.0000000      0.0000000      0.0000000
     0     0 1 2   3  0.2500808          0.0000000      0.0000000      0.0000000      0.0000000
     0     0 1 4   1   37.58468      0.1002309       30.87411       45.75380       330.5204    
     0     0 1 4   2   37.58468      0.1002309       30.87411       45.75380       330.5204    
     0     0 1 4   3   902.0000      0.1002309       741.0000       1098.000       330.5204    
