Detection Fct/Global/Plot: Qq-plot                                                                                                                                                                                                                                                                                                                                                                                                                                                                                                                                                                                                                                                                                                                                                                                                                                                                                                                                                                                                                              
Pooled data                                                 
 Empirical distribution function
 Fitted cumulative distribution function
    0.000000E+00        1.000000    0.000000E+00        1.000000
         402
        0.00124        0.00161
        0.00373        0.00421
        0.00622        0.00440
        0.00871        0.00459
        0.01119        0.00747
        0.01368        0.00808
        0.01617        0.01781
        0.01866        0.01789
        0.02114        0.01935
        0.02363        0.02139
        0.02612        0.02424
        0.02861        0.02499
        0.03109        0.02900
        0.03358        0.03242
        0.03607        0.03269
        0.03856        0.03299
        0.04104        0.03349
        0.04353        0.03382
        0.04602        0.03395
        0.04851        0.03468
        0.05100        0.04014
        0.05348        0.04041
        0.05597        0.04041
        0.05846        0.04041
        0.06095        0.04098
        0.06343        0.04108
        0.06592        0.04260
        0.06841        0.04458
        0.07090        0.04637
        0.07338        0.05296
        0.07587        0.05725
        0.07836        0.06425
        0.08085        0.06831
        0.08333        0.06987
        0.08582        0.07352
        0.08831        0.07510
        0.09080        0.07538
        0.09328        0.08075
        0.09577        0.08544
        0.09826        0.08874
        0.10075        0.08911
        0.10323        0.09018
        0.10572        0.10003
        0.10821        0.10222
        0.11070        0.10249
        0.11318        0.11036
        0.11567        0.11352
        0.11816        0.11474
        0.12065        0.11488
        0.12313        0.11540
        0.12562        0.11710
        0.12811        0.12137
        0.13060        0.12140
        0.13308        0.12293
        0.13557        0.12848
        0.13806        0.13250
        0.14055        0.13272
        0.14303        0.14798
        0.14552        0.14949
        0.14801        0.15282
        0.15050        0.15473
        0.15299        0.15585
        0.15547        0.15983
        0.15796        0.16289
        0.16045        0.16378
        0.16294        0.16598
        0.16542        0.16676
        0.16791        0.16870
        0.17040        0.17440
        0.17289        0.17680
        0.17537        0.17788
        0.17786        0.17803
        0.18035        0.18212
        0.18284        0.18251
        0.18532        0.18437
        0.18781        0.18719
        0.19030        0.19164
        0.19279        0.19298
        0.19527        0.19903
        0.19776        0.20480
        0.20025        0.20915
        0.20274        0.20943
        0.20522        0.20975
        0.20771        0.20985
        0.21020        0.21143
        0.21269        0.21375
        0.21517        0.21822
        0.21766        0.21843
        0.22015        0.22218
        0.22264        0.22564
        0.22512        0.22706
        0.22761        0.22832
        0.23010        0.23341
        0.23259        0.23945
        0.23507        0.24077
        0.23756        0.24312
        0.24005        0.24687
        0.24254        0.25227
        0.24502        0.25596
        0.24751        0.25620
        0.25000        0.26824
        0.25249        0.26912
        0.25498        0.27165
        0.25746        0.27487
        0.25995        0.27576
        0.26244        0.27696
        0.26493        0.27759
        0.26741        0.27928
        0.26990        0.28224
        0.27239        0.28321
        0.27488        0.28469
        0.27736        0.28829
        0.27985        0.29416
        0.28234        0.29782
        0.28483        0.29845
        0.28731        0.30213
        0.28980        0.30436
        0.29229        0.30735
        0.29478        0.30762
        0.29726        0.30816
        0.29975        0.30822
        0.30224        0.31116
        0.30473        0.31595
        0.30721        0.31641
        0.30970        0.31915
        0.31219        0.31938
        0.31468        0.32041
        0.31716        0.32176
        0.31965        0.32426
        0.32214        0.32564
        0.32463        0.33095
        0.32711        0.33493
        0.32960        0.33520
        0.33209        0.33689
        0.33458        0.33721
        0.33706        0.33822
        0.33955        0.34041
        0.34204        0.34080
        0.34453        0.34258
        0.34701        0.34524
        0.34950        0.34760
        0.35199        0.35729
        0.35448        0.36310
        0.35697        0.36329
        0.35945        0.36489
        0.36194        0.36621
        0.36443        0.36902
        0.36692        0.36915
        0.36940        0.37494
        0.37189        0.37540
        0.37438        0.37564
        0.37687        0.37866
        0.37935        0.37971
        0.38184        0.38222
        0.38433        0.38344
        0.38682        0.38497
        0.38930        0.38873
        0.39179        0.38896
        0.39428        0.38969
        0.39677        0.39007
        0.39925        0.39160
        0.40174        0.39162
        0.40423        0.39494
        0.40672        0.39860
        0.40920        0.39937
        0.41169        0.39955
        0.41418        0.40063
        0.41667        0.40121
        0.41915        0.40227
        0.42164        0.40393
        0.42413        0.40520
        0.42662        0.40626
        0.42910        0.40633
        0.43159        0.40760
        0.43408        0.40772
        0.43657        0.40827
        0.43905        0.40938
        0.44154        0.42062
        0.44403        0.42222
        0.44652        0.42575
        0.44900        0.42754
        0.45149        0.42939
        0.45398        0.43131
        0.45647        0.43168
        0.45896        0.43460
        0.46144        0.43677
        0.46393        0.44018
        0.46642        0.44150
        0.46891        0.44246
        0.47139        0.44553
        0.47388        0.44882
        0.47637        0.45337
        0.47886        0.45362
        0.48134        0.45387
        0.48383        0.45761
        0.48632        0.45879
        0.48881        0.45904
        0.49129        0.45999
        0.49378        0.46132
        0.49627        0.46289
        0.49876        0.46320
        0.50124        0.46373
        0.50373        0.46986
        0.50622        0.47918
        0.50871        0.48020
        0.51119        0.48120
        0.51368        0.48210
        0.51617        0.48506
        0.51866        0.49503
        0.52114        0.49702
        0.52363        0.49751
        0.52612        0.50837
        0.52861        0.51157
        0.53109        0.51170
        0.53358        0.51313
        0.53607        0.51431
        0.53856        0.51757
        0.54104        0.52246
        0.54353        0.52882
        0.54602        0.53440
        0.54851        0.53589
        0.55100        0.53804
        0.55348        0.54259
        0.55597        0.54262
        0.55846        0.55545
        0.56095        0.55561
        0.56343        0.56392
        0.56592        0.56606
        0.56841        0.56754
        0.57090        0.57266
        0.57338        0.57451
        0.57587        0.57613
        0.57836        0.57619
        0.58085        0.57709
        0.58333        0.58789
        0.58582        0.58843
        0.58831        0.59416
        0.59080        0.59763
        0.59328        0.60153
        0.59577        0.60208
        0.59826        0.61831
        0.60075        0.61985
        0.60323        0.63177
        0.60572        0.63361
        0.60821        0.63417
        0.61070        0.63630
        0.61318        0.63977
        0.61567        0.64410
        0.61816        0.64651
        0.62065        0.64706
        0.62313        0.65392
        0.62562        0.65584
        0.62811        0.65873
        0.63060        0.65980
        0.63308        0.66038
        0.63557        0.66038
        0.63806        0.66726
        0.64055        0.67322
        0.64303        0.67510
        0.64552        0.67576
        0.64801        0.67819
        0.65050        0.68444
        0.65299        0.68716
        0.65547        0.68980
        0.65796        0.69433
        0.66045        0.69997
        0.66294        0.70144
        0.66542        0.70322
        0.66791        0.70469
        0.67040        0.70696
        0.67289        0.70711
        0.67537        0.71013
        0.67786        0.71273
        0.68035        0.71392
        0.68284        0.71405
        0.68532        0.71420
        0.68781        0.71691
        0.69030        0.71714
        0.69279        0.71992
        0.69527        0.72292
        0.69776        0.72605
        0.70025        0.72821
        0.70274        0.72822
        0.70522        0.73259
        0.70771        0.73450
        0.71020        0.73566
        0.71269        0.73889
        0.71517        0.73913
        0.71766        0.74239
        0.72015        0.74261
        0.72264        0.74515
        0.72512        0.74586
        0.72761        0.74782
        0.73010        0.74989
        0.73259        0.74992
        0.73507        0.75037
        0.73756        0.75314
        0.74005        0.75556
        0.74254        0.75630
        0.74502        0.75881
        0.74751        0.75979
        0.75000        0.76244
        0.75249        0.76657
        0.75498        0.76830
        0.75746        0.77157
        0.75995        0.77553
        0.76244        0.77658
        0.76493        0.77761
        0.76741        0.78328
        0.76990        0.78523
        0.77239        0.79313
        0.77488        0.79567
        0.77736        0.79679
        0.77985        0.79943
        0.78234        0.79971
        0.78483        0.80392
        0.78731        0.80573
        0.78980        0.80620
        0.79229        0.81361
        0.79478        0.81546
        0.79726        0.81628
        0.79975        0.81815
        0.80224        0.81931
        0.80473        0.81956
        0.80721        0.82999
        0.80970        0.83084
        0.81219        0.83116
        0.81468        0.83157
        0.81716        0.83201
        0.81965        0.83254
        0.82214        0.83301
        0.82463        0.83356
        0.82711        0.83379
        0.82960        0.83520
        0.83209        0.83744
        0.83458        0.83787
        0.83706        0.84062
        0.83955        0.84132
        0.84204        0.84395
        0.84453        0.84403
        0.84701        0.84605
        0.84950        0.84631
        0.85199        0.84662
        0.85448        0.84673
        0.85697        0.84849
        0.85945        0.85004
        0.86194        0.85519
        0.86443        0.85751
        0.86692        0.85947
        0.86940        0.86039
        0.87189        0.86128
        0.87438        0.86428
        0.87687        0.86801
        0.87935        0.87356
        0.88184        0.87847
        0.88433        0.87926
        0.88682        0.88233
        0.88930        0.88653
        0.89179        0.88851
        0.89428        0.89237
        0.89677        0.89243
        0.89925        0.89336
        0.90174        0.89524
        0.90423        0.89524
        0.90672        0.89758
        0.90920        0.89800
        0.91169        0.89806
        0.91418        0.89898
        0.91667        0.90046
        0.91915        0.90136
        0.92164        0.90145
        0.92413        0.90165
        0.92662        0.90263
        0.92910        0.90759
        0.93159        0.90849
        0.93408        0.90927
        0.93657        0.91355
        0.93905        0.91512
        0.94154        0.91598
        0.94403        0.92352
        0.94652        0.92516
        0.94900        0.92667
        0.95149        0.93117
        0.95398        0.93755
        0.95647        0.93841
        0.95896        0.94460
        0.96144        0.94696
        0.96393        0.94805
        0.96642        0.95827
        0.96891        0.97397
        0.97139        0.97438
        0.97388        0.97438
        0.97637        0.97473
        0.97886        0.97741
        0.98134        0.97741
        0.98383        0.98148
        0.98632        0.98148
        0.98881        0.98220
        0.99129        0.98262
        0.99378        0.99491
        0.99627        0.99723
        0.99876        1.00000
Detection Fct/Global/Plot: Detection Probability 1                                                                                                                                                                                                                                                                                                                                                                                                                                                                                                                                                                                                                                                                                                                                                                                                                                                                                                                                                                                                              
Pooled data                                                 
Radial distance in meters                   
     Detection Probability          
    0.000000E+00      511.409760    0.000000E+00        1.497997
         182
        0.00000 **************        1.00000
        1.27834 **************        1.00000
        2.55668 **************        1.00000
        3.83503 **************        1.00000
        5.11337 **************        1.00000
        6.39171 **************        1.00000
        6.39171        0.00000        1.00000
        6.39171        1.36182        1.00000
       10.43185        1.36182        1.00000
       14.47200        1.36182        1.00000
       18.51214        1.36182        1.00000
       22.55229        1.36182        1.00000
       26.59243        1.36182        1.00000
       26.59243        0.00000        1.00000
       26.59243        0.94873        1.00000
       30.63258        0.94873        1.00000
       34.67272        0.94873        1.00000
       38.71286        0.94873        1.00000
       42.75301        0.94873        1.00000
       46.79315        0.94873        1.00000
       46.79315        0.00000        1.00000
       46.79315        0.88820        1.00000
       50.83330        0.88820        1.00000
       54.87344        0.88820        0.99997
       58.91359        0.88820        0.99960
       62.95373        0.88820        0.99770
       66.99387        0.88820        0.99165
       66.99387        0.00000        0.99165
       66.99387        1.04875        0.99165
       71.03402        1.04875        0.97817
       75.07417        1.04875        0.95470
       79.11430        1.04875        0.92046
       83.15445        1.04875        0.87655
       87.19460        1.04875        0.82524
       87.19460        0.00000        0.82524
       87.19460        0.64634        0.82524
       91.23474        0.64634        0.76928
       95.27489        0.64634        0.71128
       99.31503        0.64634        0.65341
      103.35517        0.64634        0.59730
      107.39532        0.64634        0.54403
      107.39532        0.00000        0.54403
      107.39532        0.27717        0.54403
      111.43546        0.27717        0.49427
      115.47561        0.27717        0.44834
      119.51575        0.27717        0.40633
      123.55589        0.27717        0.36814
      127.59604        0.27717        0.33360
      127.59604        0.00000        0.33360
      127.59604        0.28544        0.33360
      131.63618        0.28544        0.30246
      135.67633        0.28544        0.27444
      139.71648        0.28544        0.24927
      143.75662        0.28544        0.22668
      147.79677        0.28544        0.20640
      147.79677        0.00000        0.20640
      147.79677        0.17780        0.20640
      151.83691        0.17780        0.18819
      155.87706        0.17780        0.17183
      159.91719        0.17780        0.15712
      163.95734        0.17780        0.14389
      167.99748        0.17780        0.13197
      167.99748        0.00000        0.13197
      167.99748        0.14502        0.13197
      172.03763        0.14502        0.12122
      176.07777        0.14502        0.11150
      180.11792        0.14502        0.10272
      184.15807        0.14502        0.09476
      188.19821        0.14502        0.08755
      188.19821        0.00000        0.08755
      188.19821        0.09627        0.08755
      192.23836        0.09627        0.08099
      196.27850        0.09627        0.07503
      200.31863        0.09627        0.06960
      204.35878        0.09627        0.06464
      208.39893        0.09627        0.06012
      208.39893        0.00000        0.06012
      208.39893        0.05653        0.06012
      212.43907        0.05653        0.05598
      216.47922        0.05653        0.05218
      220.51936        0.05653        0.04871
      224.55951        0.05653        0.04551
      228.59966        0.05653        0.04257
      228.59966        0.00000        0.04257
      228.59966        0.06116        0.04257
      232.63980        0.06116        0.03986
      236.67995        0.06116        0.03737
      240.72008        0.06116        0.03506
      244.76022        0.06116        0.03293
      248.80037        0.06116        0.03096
      248.80037        0.00000        0.03096
      248.80037        0.02169        0.03096
      252.84052        0.02169        0.02914
      256.88068        0.02169        0.02745
      260.92081        0.02169        0.02587
      264.96094        0.02169        0.02441
      269.00110        0.02169        0.02306
      269.00110        0.00000        0.02306
      269.00110        0.01207        0.02306
      273.04123        0.01207        0.02179
      277.08139        0.01207        0.02061
      281.12152        0.01207        0.01951
      285.16168        0.01207        0.01848
      289.20181        0.01207        0.01752
      289.20181        0.00000        0.01752
      289.20181        0.01126        0.01752
      293.24194        0.01126        0.01662
      297.28210        0.01126        0.01578
      301.32224        0.01126        0.01499
      305.36240        0.01126        0.01425
      309.40253        0.01126        0.01356
      309.40253        0.00000        0.01356
      309.40253        0.00351        0.01356
      313.44269        0.00351        0.01290
      317.48282        0.00351        0.01229
      321.52298        0.00351        0.01171
      325.56311        0.00351        0.01117
      329.60327        0.00351        0.01066
      329.60327        0.00000        0.01066
      329.60327        0.00000        0.01066
      333.64340        0.00000        0.01017
      337.68356        0.00000        0.00972
      341.72369        0.00000        0.00929
      345.76385        0.00000        0.00888
      349.80399        0.00000        0.00849
      349.80399        0.00000        0.00849
      349.80399        0.01248        0.00849
      353.84412        0.01248        0.00813
      357.88428        0.01248        0.00779
      361.92441        0.01248        0.00746
      365.96457        0.01248        0.00715
      370.00470        0.01248        0.00686
      370.00470        0.00000        0.00686
      370.00470        0.00591        0.00686
      374.04483        0.00591        0.00658
      378.08499        0.00591        0.00631
      382.12512        0.00591        0.00606
      386.16528        0.00591        0.00582
      390.20541        0.00591        0.00560
      390.20541        0.00000        0.00560
      390.20541        0.01122        0.00560
      394.24557        0.01122        0.00538
      398.28571        0.01122        0.00518
      402.32587        0.01122        0.00498
      406.36600        0.01122        0.00479
      410.40616        0.01122        0.00462
      410.40616        0.00000        0.00462
      410.40616        0.00000        0.00462
      414.44629        0.00000        0.00445
      418.48645        0.00000        0.00428
      422.52658        0.00000        0.00413
      426.56674        0.00000        0.00398
      430.60687        0.00000        0.00384
      430.60687        0.00000        0.00384
      430.60687        0.00000        0.00384
      434.64700        0.00000        0.00371
      438.68716        0.00000        0.00358
      442.72729        0.00000        0.00345
      446.76746        0.00000        0.00334
      450.80759        0.00000        0.00322
      450.80759        0.00000        0.00322
      450.80759        0.00244        0.00322
      454.84772        0.00244        0.00312
      458.88788        0.00244        0.00301
      462.92801        0.00244        0.00291
      466.96817        0.00244        0.00282
      471.00830        0.00244        0.00273
      471.00830        0.00000        0.00273
      471.00830        0.00233        0.00273
      475.04846        0.00233        0.00264
      479.08859        0.00233        0.00255
      483.12875        0.00233        0.00247
      487.16888        0.00233        0.00240
      491.20905        0.00233        0.00232
      491.20905        0.00000        0.00232
      491.20905        0.00224        0.00232
      495.24918        0.00224        0.00225
      499.28934        0.00224        0.00218
      503.32947        0.00224        0.00211
      507.36963        0.00224        0.00205
      511.40976        0.00224        0.00199
      511.40976        0.00000        0.00199
Detection Fct/Global/Plot: Pdf 1                                                                                                                                                                                                                                                                                                                                                                                                                                                                                                                                                                                                                                                                                                                                                                                                                                                                                                                                                                                                                                
Pooled data                                                 
Radial distance in meters                   
       Probability Density          
    0.000000E+00      511.409760    0.000000E+00    9.752866E-03
         182
        0.00000 **************        0.00000
        1.27834 **************        0.00014
        2.55668 **************        0.00028
        3.83503 **************        0.00042
        5.11337 **************        0.00056
        6.39171 **************        0.00070
        6.39171        0.00000        0.00070
        6.39171        0.00246        0.00070
       10.43185        0.00246        0.00114
       14.47200        0.00246        0.00159
       18.51214        0.00246        0.00203
       22.55229        0.00246        0.00247
       26.59243        0.00246        0.00292
       26.59243        0.00000        0.00292
       26.59243        0.00382        0.00292
       30.63258        0.00382        0.00336
       34.67272        0.00382        0.00380
       38.71286        0.00382        0.00425
       42.75301        0.00382        0.00469
       46.79315        0.00382        0.00513
       46.79315        0.00000        0.00513
       46.79315        0.00554        0.00513
       50.83330        0.00554        0.00557
       54.87344        0.00554        0.00602
       58.91359        0.00554        0.00646
       62.95373        0.00554        0.00689
       66.99387        0.00554        0.00729
       66.99387        0.00000        0.00729
       66.99387        0.00887        0.00729
       71.03402        0.00887        0.00762
       75.07417        0.00887        0.00786
       79.11430        0.00887        0.00799
       83.15445        0.00887        0.00799
       87.19460        0.00887        0.00789
       87.19460        0.00000        0.00789
       87.19460        0.00690        0.00789
       91.23474        0.00690        0.00770
       95.27489        0.00690        0.00743
       99.31503        0.00690        0.00712
      103.35517        0.00690        0.00677
      107.39532        0.00690        0.00641
      107.39532        0.00000        0.00641
      107.39532        0.00357        0.00641
      111.43546        0.00357        0.00604
      115.47561        0.00357        0.00568
      119.51575        0.00357        0.00533
      123.55589        0.00357        0.00499
      127.59604        0.00357        0.00467
      127.59604        0.00000        0.00467
      127.59604        0.00431        0.00467
      131.63618        0.00431        0.00437
      135.67633        0.00431        0.00408
      139.71648        0.00431        0.00382
      143.75662        0.00431        0.00357
      147.79677        0.00431        0.00335
      147.79677        0.00000        0.00335
      147.79677        0.00308        0.00335
      151.83691        0.00308        0.00313
      155.87706        0.00308        0.00294
      159.91719        0.00308        0.00276
      163.95734        0.00308        0.00259
      167.99748        0.00308        0.00243
      167.99748        0.00000        0.00243
      167.99748        0.00283        0.00243
      172.03763        0.00283        0.00229
      176.07777        0.00283        0.00215
      180.11792        0.00283        0.00203
      184.15807        0.00283        0.00191
      188.19821        0.00283        0.00181
      188.19821        0.00000        0.00181
      188.19821        0.00209        0.00181
      192.23836        0.00209        0.00171
      196.27850        0.00209        0.00161
      200.31863        0.00209        0.00153
      204.35878        0.00209        0.00145
      208.39893        0.00209        0.00137
      208.39893        0.00000        0.00137
      208.39893        0.00135        0.00137
      212.43907        0.00135        0.00130
      216.47922        0.00135        0.00124
      220.51936        0.00135        0.00118
      224.55951        0.00135        0.00112
      228.59966        0.00135        0.00107
      228.59966        0.00000        0.00107
      228.59966        0.00160        0.00107
      232.63980        0.00160        0.00102
      236.67995        0.00160        0.00097
      240.72008        0.00160        0.00093
      244.76022        0.00160        0.00088
      248.80037        0.00160        0.00084
      248.80037        0.00000        0.00084
      248.80037        0.00062        0.00084
      252.84052        0.00062        0.00081
      256.88068        0.00062        0.00077
      260.92081        0.00062        0.00074
      264.96094        0.00062        0.00071
      269.00110        0.00062        0.00068
      269.00110        0.00000        0.00068
      269.00110        0.00037        0.00068
      273.04123        0.00037        0.00065
      277.08139        0.00037        0.00063
      281.12152        0.00037        0.00060
      285.16168        0.00037        0.00058
      289.20181        0.00037        0.00056
      289.20181        0.00000        0.00056
      289.20181        0.00037        0.00056
      293.24194        0.00037        0.00053
      297.28210        0.00037        0.00051
      301.32224        0.00037        0.00050
      305.36240        0.00037        0.00048
      309.40253        0.00037        0.00046
      309.40253        0.00000        0.00046
      309.40253        0.00012        0.00046
      313.44269        0.00012        0.00044
      317.48282        0.00012        0.00043
      321.52298        0.00012        0.00041
      325.56311        0.00012        0.00040
      329.60327        0.00012        0.00039
      329.60327        0.00000        0.00039
      329.60327        0.00000        0.00039
      333.64340        0.00000        0.00037
      337.68356        0.00000        0.00036
      341.72369        0.00000        0.00035
      345.76385        0.00000        0.00034
      349.80399        0.00000        0.00033
      349.80399        0.00000        0.00033
      349.80399        0.00049        0.00033
      353.84412        0.00049        0.00032
      357.88428        0.00049        0.00031
      361.92441        0.00049        0.00030
      365.96457        0.00049        0.00029
      370.00470        0.00049        0.00028
      370.00470        0.00000        0.00028
      370.00470        0.00025        0.00028
      374.04483        0.00025        0.00027
      378.08499        0.00025        0.00026
      382.12512        0.00025        0.00025
      386.16528        0.00025        0.00025
      390.20541        0.00025        0.00024
      390.20541        0.00000        0.00024
      390.20541        0.00049        0.00024
      394.24557        0.00049        0.00023
      398.28571        0.00049        0.00023
      402.32587        0.00049        0.00022
      406.36600        0.00049        0.00021
      410.40616        0.00049        0.00021
      410.40616        0.00000        0.00021
      410.40616        0.00000        0.00021
      414.44629        0.00000        0.00020
      418.48645        0.00000        0.00020
      422.52658        0.00000        0.00019
      426.56674        0.00000        0.00019
      430.60687        0.00000        0.00018
      430.60687        0.00000        0.00018
      430.60687        0.00000        0.00018
      434.64700        0.00000        0.00018
      438.68716        0.00000        0.00017
      442.72729        0.00000        0.00017
      446.76746        0.00000        0.00016
      450.80759        0.00000        0.00016
      450.80759        0.00000        0.00016
      450.80759        0.00012        0.00016
      454.84772        0.00012        0.00016
      458.88788        0.00012        0.00015
      462.92801        0.00012        0.00015
      466.96817        0.00012        0.00014
      471.00830        0.00012        0.00014
      471.00830        0.00000        0.00014
      471.00830        0.00012        0.00014
      475.04846        0.00012        0.00014
      479.08859        0.00012        0.00013
      483.12875        0.00012        0.00013
      487.16888        0.00012        0.00013
      491.20905        0.00012        0.00013
      491.20905        0.00000        0.00013
      491.20905        0.00012        0.00013
      495.24918        0.00012        0.00012
      499.28934        0.00012        0.00012
      503.32947        0.00012        0.00012
      507.36963        0.00012        0.00011
      511.40976        0.00012        0.00011
      511.40976        0.00000        0.00011
