                                                   
     0     0 1 1   1   402.0000          0.0000000      0.0000000      0.0000000      0.0000000
     0     0 1 1   2   96.00000          0.0000000      0.0000000      0.0000000      0.0000000
     0     0 1 1   3   190.0000          0.0000000      0.0000000      0.0000000      0.0000000
     0     0 1 1   4   2.115789      0.6879837E-01   1.845974       2.425042       95.00000    
     0     0 1 1   5   6.391710          0.0000000      0.0000000      0.0000000      0.0000000
     0     0 1 1   6   511.4098          0.0000000      0.0000000      0.0000000      0.0000000
     0     0 1 2   1   2.000000          0.0000000      0.0000000      0.0000000      0.0000000
     0     0 1 2   4  0.1096588E-03  0.7137801E-01  0.9531902E-04  0.1261559E-03   400.0000    
     0     0 1 2   5  0.6973460E-01  0.7137801E-01  0.6061558E-01  0.8022549E-01   400.0000    
     0     0 1 2   6   135.0496      0.3568900E-01   125.9018       144.8619       400.0000    
     0     0 1 2   2   4507.106          0.0000000      0.0000000      0.0000000      0.0000000
     0     0 1 2   7   4507.137          0.0000000      0.0000000      0.0000000      0.0000000
     0     0 1 2   8   4515.100          0.0000000      0.0000000      0.0000000      0.0000000
     0     0 1 2   9  -2251.553          0.0000000      0.0000000      0.0000000      0.0000000
     0     0 1 2  13   4.000000          0.0000000      0.0000000      0.0000000      0.0000000
     0     0 1 2  14   1.000000          0.0000000      0.0000000      0.0000000      0.0000000
     0     0 1 2  15   2.000000          0.0000000      0.0000000      0.0000000      0.0000000
     0     0 1 2  16      0.0000000      0.0000000      0.0000000      0.0000000      0.0000000
     0     0 1 2  17      0.0000000      0.0000000      0.0000000      0.0000000      0.0000000
     0     0 1 2 101   100.8283      0.5159771E-01      0.0000000      0.0000000      0.0000000
     0     0 1 2 102   3.829837      0.5507064E-01      0.0000000      0.0000000      0.0000000
     0     0 1 2  10  0.5160430          0.0000000      0.0000000      0.0000000      0.0000000
     0     0 1 2  11  0.6000000          0.0000000      0.0000000      0.0000000      0.0000000
     0     0 1 2  12  0.6000000          0.0000000      0.0000000      0.0000000      0.0000000
     0     0 1 2   3  0.1012000          0.0000000      0.0000000      0.0000000      0.0000000
     0     0 1 4   1   36.92633      0.9913646E-01   30.39757       44.85734       321.1994    
     0     0 1 4   2   36.92633      0.9913646E-01   30.39757       44.85734       321.1994    
     0     0 1 4   3   886.0000      0.9913646E-01   730.0000       1077.000       321.1994    
