Detection Fct/Global/Plot: Qq-plot                                                                                                                                                                                                                                                                                                                                                                                                                                                                                                                                                                                                                                                                                                                                                                                                                                                                                                                                                                                                                              
Pooled data                                                 
 Empirical distribution function
 Fitted cumulative distribution function
    0.000000E+00        1.000000    0.000000E+00        1.000000
         423
        0.00118        0.00027
        0.00355        0.00027
        0.00591        0.00125
        0.00827        0.00363
        0.01064        0.00363
        0.01300        0.00637
        0.01537        0.00637
        0.01773        0.00637
        0.02009        0.00637
        0.02246        0.00658
        0.02482        0.00838
        0.02719        0.00961
        0.02955        0.01053
        0.03191        0.01459
        0.03428        0.01571
        0.03664        0.01653
        0.03901        0.01859
        0.04137        0.01859
        0.04374        0.01859
        0.04610        0.01859
        0.04846        0.01930
        0.05083        0.02546
        0.05319        0.02777
        0.05556        0.03153
        0.05792        0.03153
        0.06028        0.03268
        0.06265        0.03268
        0.06501        0.03314
        0.06738        0.03846
        0.06974        0.03846
        0.07210        0.03947
        0.07447        0.03947
        0.07683        0.03998
        0.07920        0.03998
        0.08156        0.04024
        0.08392        0.04178
        0.08629        0.04178
        0.08865        0.04283
        0.09102        0.04825
        0.09338        0.05136
        0.09574        0.05193
        0.09811        0.05724
        0.10047        0.05724
        0.10284        0.05784
        0.10520        0.05998
        0.10757        0.06310
        0.10993        0.06596
        0.11229        0.06596
        0.11466        0.06889
        0.11702        0.06889
        0.11939        0.07153
        0.12175        0.07254
        0.12411        0.07388
        0.12648        0.07422
        0.12884        0.07661
        0.13121        0.07730
        0.13357        0.08114
        0.13593        0.08327
        0.13830        0.08363
        0.14066        0.08399
        0.14303        0.08542
        0.14539        0.08724
        0.14775        0.09054
        0.15012        0.09165
        0.15248        0.09165
        0.15485        0.09315
        0.15721        0.09465
        0.15957        0.09579
        0.16194        0.10389
        0.16430        0.10428
        0.16667        0.10825
        0.16903        0.11187
        0.17139        0.11227
        0.17376        0.11513
        0.17612        0.11677
        0.17849        0.11884
        0.18085        0.11925
        0.18322        0.11925
        0.18558        0.12009
        0.18794        0.12050
        0.19031        0.12176
        0.19267        0.12218
        0.19504        0.12302
        0.19740        0.12302
        0.19976        0.12428
        0.20213        0.12428
        0.20449        0.12513
        0.20686        0.12513
        0.20922        0.12683
        0.21158        0.13112
        0.21395        0.13112
        0.21631        0.13591
        0.21868        0.13899
        0.22104        0.14076
        0.22340        0.14121
        0.22577        0.14210
        0.22813        0.14210
        0.23050        0.14434
        0.23286        0.14434
        0.23522        0.14434
        0.23759        0.14568
        0.23995        0.14704
        0.24232        0.14839
        0.24468        0.14976
        0.24704        0.14976
        0.24941        0.15158
        0.25177        0.15296
        0.25414        0.15572
        0.25650        0.15803
        0.25887        0.16036
        0.26123        0.16411
        0.26359        0.16458
        0.26596        0.16695
        0.26832        0.16742
        0.27069        0.16742
        0.27305        0.16980
        0.27541        0.17555
        0.27778        0.17555
        0.28014        0.17749
        0.28251        0.17992
        0.28487        0.18089
        0.28723        0.18236
        0.28960        0.18285
        0.29196        0.18776
        0.29433        0.18925
        0.29669        0.19123
        0.29905        0.19173
        0.30142        0.19372
        0.30378        0.19372
        0.30615        0.19824
        0.30851        0.19824
        0.31087        0.19824
        0.31324        0.20025
        0.31560        0.20177
        0.31797        0.20177
        0.32033        0.20177
        0.32270        0.20177
        0.32506        0.20889
        0.32742        0.21197
        0.32979        0.21197
        0.33215        0.21249
        0.33452        0.21765
        0.33688        0.21973
        0.33924        0.22129
        0.34161        0.22129
        0.34397        0.22495
        0.34634        0.22653
        0.34870        0.22863
        0.35106        0.22968
        0.35343        0.23074
        0.35579        0.23127
        0.35816        0.23127
        0.36052        0.23127
        0.36288        0.23179
        0.36525        0.23285
        0.36761        0.24190
        0.36998        0.24351
        0.37234        0.24351
        0.37470        0.24565
        0.37707        0.25159
        0.37943        0.25321
        0.38180        0.25647
        0.38416        0.25647
        0.38652        0.25756
        0.38889        0.25756
        0.39125        0.26192
        0.39362        0.26521
        0.39598        0.26851
        0.39835        0.27347
        0.40071        0.27458
        0.40307        0.27458
        0.40544        0.27458
        0.40780        0.27458
        0.41017        0.27624
        0.41253        0.28179
        0.41489        0.28179
        0.41726        0.28346
        0.41962        0.28346
        0.42199        0.28346
        0.42435        0.28681
        0.42671        0.28793
        0.42908        0.28793
        0.43144        0.29129
        0.43381        0.29185
        0.43617        0.29860
        0.43853        0.29860
        0.44090        0.29973
        0.44326        0.29973
        0.44563        0.29973
        0.44799        0.30086
        0.45035        0.30369
        0.45272        0.30369
        0.45508        0.30369
        0.45745        0.30369
        0.45981        0.30595
        0.46217        0.30992
        0.46454        0.31049
        0.46690        0.31106
        0.46927        0.31220
        0.47163        0.31504
        0.47400        0.31847
        0.47636        0.31847
        0.47872        0.32361
        0.48109        0.32361
        0.48345        0.33279
        0.48582        0.33279
        0.48818        0.33510
        0.49054        0.33855
        0.49291        0.33855
        0.49527        0.33855
        0.49764        0.33855
        0.50000        0.34086
        0.50236        0.34433
        0.50473        0.34491
        0.50709        0.34491
        0.50946        0.34780
        0.51182        0.34780
        0.51418        0.35359
        0.51655        0.35650
        0.51891        0.35824
        0.52128        0.35940
        0.52364        0.36173
        0.52600        0.36231
        0.52837        0.36638
        0.53073        0.36638
        0.53310        0.36696
        0.53546        0.36755
        0.53783        0.36813
        0.54019        0.37046
        0.54255        0.37163
        0.54492        0.37746
        0.54728        0.37921
        0.54965        0.38798
        0.55201        0.38915
        0.55437        0.38974
        0.55674        0.39091
        0.55910        0.39091
        0.56147        0.39325
        0.56383        0.39676
        0.56619        0.39735
        0.56856        0.39735
        0.57092        0.39911
        0.57329        0.40145
        0.57565        0.40145
        0.57801        0.40262
        0.58038        0.40555
        0.58274        0.40672
        0.58511        0.40907
        0.58747        0.41434
        0.58983        0.41728
        0.59220        0.41962
        0.59456        0.42138
        0.59693        0.42138
        0.59929        0.42490
        0.60165        0.42724
        0.60402        0.42783
        0.60638        0.43544
        0.60875        0.43779
        0.61111        0.44423
        0.61348        0.44481
        0.61584        0.44598
        0.61820        0.44891
        0.62057        0.44949
        0.62293        0.45124
        0.62530        0.45417
        0.62766        0.45417
        0.63002        0.45825
        0.63239        0.45942
        0.63475        0.46350
        0.63712        0.46700
        0.63948        0.46758
        0.64184        0.46875
        0.64421        0.47514
        0.64657        0.48443
        0.64894        0.48559
        0.65130        0.48675
        0.65366        0.48848
        0.65603        0.49830
        0.65839        0.50750
        0.66076        0.52180
        0.66312        0.52180
        0.66548        0.52351
        0.66785        0.52806
        0.67021        0.52806
        0.67258        0.53090
        0.67494        0.53146
        0.67730        0.53203
        0.67967        0.53203
        0.68203        0.53203
        0.68440        0.53429
        0.68676        0.53486
        0.68913        0.53938
        0.69149        0.53938
        0.69385        0.53938
        0.69622        0.53938
        0.69858        0.53938
        0.70095        0.54894
        0.70331        0.54894
        0.70567        0.54894
        0.70804        0.55229
        0.71040        0.55732
        0.71277        0.55899
        0.71513        0.56565
        0.71749        0.57117
        0.71986        0.57227
        0.72222        0.57337
        0.72459        0.57337
        0.72695        0.57337
        0.72931        0.57612
        0.73168        0.58323
        0.73404        0.58975
        0.73641        0.60214
        0.73877        0.60535
        0.74113        0.60748
        0.74350        0.60748
        0.74586        0.61067
        0.74823        0.61173
        0.75059        0.61173
        0.75296        0.61279
        0.75532        0.62279
        0.75768        0.62645
        0.76005        0.62905
        0.76241        0.63113
        0.76478        0.63681
        0.76714        0.63681
        0.76950        0.63835
        0.77187        0.63886
        0.77423        0.63886
        0.77660        0.63938
        0.77896        0.63938
        0.78132        0.64805
        0.78369        0.65360
        0.78605        0.65410
        0.78842        0.65410
        0.79078        0.65410
        0.79314        0.65911
        0.79551        0.66111
        0.79787        0.66160
        0.80024        0.66160
        0.80260        0.67538
        0.80496        0.67684
        0.80733        0.68216
        0.80969        0.68360
        0.81206        0.68552
        0.81442        0.68600
        0.81678        0.68647
        0.81915        0.68838
        0.82151        0.68933
        0.82388        0.69171
        0.82624        0.69407
        0.82861        0.69923
        0.83097        0.69970
        0.83333        0.70249
        0.83570        0.70757
        0.83806        0.70941
        0.84043        0.71306
        0.84279        0.71713
        0.84515        0.71713
        0.84752        0.71758
        0.84988        0.71758
        0.85225        0.71938
        0.85461        0.71983
        0.85697        0.72385
        0.85934        0.72518
        0.86170        0.72651
        0.86407        0.72695
        0.86643        0.72959
        0.86879        0.73482
        0.87116        0.73871
        0.87352        0.74973
        0.87589        0.75265
        0.87825        0.75306
        0.88061        0.75801
        0.88298        0.76610
        0.88534        0.77557
        0.88771        0.77790
        0.89007        0.78666
        0.89244        0.79335
        0.89480        0.79335
        0.89716        0.80451
        0.89953        0.81318
        0.90189        0.82189
        0.90426        0.82483
        0.90662        0.82709
        0.90898        0.83091
        0.91135        0.83154
        0.91371        0.83154
        0.91608        0.83834
        0.91844        0.84046
        0.92080        0.84046
        0.92317        0.84046
        0.92553        0.84196
        0.92790        0.84813
        0.93026        0.85213
        0.93262        0.85241
        0.93499        0.85437
        0.93735        0.85465
        0.93972        0.85904
        0.94208        0.89563
        0.94444        0.89743
        0.94681        0.89861
        0.94917        0.90613
        0.95154        0.91234
        0.95390        0.92000
        0.95626        0.92074
        0.95863        0.92203
        0.96099        0.92203
        0.96336        0.92769
        0.96572        0.93623
        0.96809        0.93765
        0.97045        0.94023
        0.97281        0.94911
        0.97518        0.95339
        0.97754        0.96098
        0.97991        0.96098
        0.98227        0.96187
        0.98463        0.96230
        0.98700        0.96380
        0.98936        0.96512
        0.99173        0.97108
        0.99409        0.98834
        0.99645        0.99515
        0.99882        1.00000
Detection Fct/Global/Plot: Detection Probability 1                                                                                                                                                                                                                                                                                                                                                                                                                                                                                                                                                                                                                                                                                                                                                                                                                                                                                                                                                                                                              
Pooled data                                                 
Radial distance in meters                   
     Detection Probability          
    0.000000E+00      500.000000    0.000000E+00        1.843828
         156
        0.00000        1.67621        1.00000
        3.84615        1.67621        0.99944
        7.69231        1.67621        0.99776
       11.53846        1.67621        0.99497
       15.38462        1.67621        0.99108
       19.23077        1.67621        0.98609
       23.07692        1.67621        0.98002
       26.92308        1.67621        0.97289
       30.76923        1.67621        0.96471
       34.61539        1.67621        0.95551
       38.46154        1.67621        0.94532
       38.46154        0.00000        0.94532
       38.46154        1.26647        0.94532
       42.30769        1.26647        0.93416
       46.15385        1.26647        0.92206
       50.00000        1.26647        0.90906
       53.84616        1.26647        0.89520
       57.69231        1.26647        0.88050
       61.53846        1.26647        0.86501
       65.38462        1.26647        0.84877
       69.23077        1.26647        0.83183
       73.07693        1.26647        0.81422
       76.92308        1.26647        0.79600
       76.92308        0.00000        0.79600
       76.92308        0.84183        0.79600
       80.76923        0.84183        0.77722
       84.61539        0.84183        0.75791
       88.46154        0.84183        0.73813
       92.30769        0.84183        0.71794
       96.15385        0.84183        0.69737
      100.00001        0.84183        0.67649
      103.84616        0.84183        0.65534
      107.69231        0.84183        0.63398
      111.53847        0.84183        0.61244
      115.38462        0.84183        0.59080
      115.38462        0.00000        0.59080
      115.38462        0.39910        0.59080
      119.23077        0.39910        0.56908
      123.07693        0.39910        0.54735
      126.92308        0.39910        0.52566
      130.76924        0.39910        0.50404
      134.61539        0.39910        0.48255
      138.46155        0.39910        0.46122
      142.30769        0.39910        0.44011
      146.15385        0.39910        0.41925
      150.00000        0.39910        0.39869
      153.84616        0.39910        0.37846
      153.84616        0.00000        0.37846
      153.84616        0.19038        0.37846
      157.69232        0.19038        0.35859
      161.53847        0.19038        0.33913
      165.38463        0.19038        0.32009
      169.23077        0.19038        0.30152
      173.07693        0.19038        0.28344
      176.92310        0.19038        0.26588
      180.76924        0.19038        0.24885
      184.61540        0.19038        0.23237
      188.46155        0.19038        0.21648
      192.30771        0.19038        0.20117
      192.30771        0.00000        0.20117
      192.30771        0.07450        0.20117
      196.15387        0.07450        0.18646
      200.00002        0.07450        0.17237
      203.84616        0.07450        0.15889
      207.69232        0.07450        0.14605
      211.53848        0.07450        0.13383
      215.38463        0.07450        0.12224
      219.23077        0.07450        0.11128
      223.07693        0.07450        0.10095
      226.92310        0.07450        0.09124
      230.76924        0.07450        0.08214
      230.76924        0.00000        0.08214
      230.76924        0.02579        0.08214
      234.61539        0.02579        0.07364
      238.46155        0.02579        0.06574
      242.30771        0.02579        0.05842
      246.15385        0.02579        0.05165
      250.00000        0.02579        0.04544
      253.84616        0.02579        0.03976
      257.69232        0.02579        0.03459
      261.53845        0.02579        0.02992
      265.38461        0.02579        0.02572
      269.23077        0.02579        0.02196
      269.23077        0.00000        0.02196
      269.23077        0.00993        0.02196
      273.07693        0.00993        0.01864
      276.92310        0.00993        0.01572
      280.76923        0.00993        0.01318
      284.61539        0.00993        0.01100
      288.46155        0.00993        0.00916
      292.30771        0.00993        0.00763
      296.15387        0.00993        0.00638
      300.00000        0.00993        0.00539
      303.84616        0.00993        0.00465
      307.69232        0.00993        0.00412
      307.69232        0.00000        0.00412
      307.69232        0.00657        0.00412
      311.53848        0.00657        0.00378
      315.38464        0.00657        0.00361
      319.23077        0.00657        0.00359
      323.07693        0.00657        0.00370
      326.92310        0.00657        0.00392
      330.76926        0.00657        0.00423
      334.61542        0.00657        0.00461
      338.46155        0.00657        0.00504
      342.30771        0.00657        0.00551
      346.15387        0.00657        0.00601
      346.15387        0.00000        0.00601
      346.15387        0.00196        0.00601
      350.00003        0.00196        0.00651
      353.84619        0.00196        0.00701
      357.69232        0.00196        0.00750
      361.53848        0.00196        0.00796
      365.38464        0.00196        0.00839
      369.23080        0.00196        0.00878
      373.07697        0.00196        0.00912
      376.92310        0.00196        0.00940
      380.76926        0.00196        0.00963
      384.61542        0.00196        0.00980
      384.61542        0.00000        0.00980
      384.61542        0.00177        0.00980
      388.46158        0.00177        0.00991
      392.30771        0.00177        0.00995
      396.15387        0.00177        0.00993
      400.00003        0.00177        0.00984
      403.84619        0.00177        0.00970
      407.69232        0.00177        0.00949
      411.53848        0.00177        0.00923
      415.38464        0.00177        0.00892
      419.23077        0.00177        0.00856
      423.07693        0.00177        0.00816
      423.07693        0.00000        0.00816
      423.07693        0.00162        0.00816
      426.92310        0.00162        0.00773
      430.76926        0.00162        0.00727
      434.61539        0.00162        0.00678
      438.46155        0.00162        0.00627
      442.30771        0.00162        0.00575
      446.15387        0.00162        0.00523
      450.00003        0.00162        0.00471
      453.84616        0.00162        0.00420
      457.69232        0.00162        0.00370
      461.53848        0.00162        0.00323
      461.53848        0.00000        0.00323
      461.53848        0.00149        0.00323
      465.38464        0.00149        0.00278
      469.23077        0.00149        0.00236
      473.07693        0.00149        0.00198
      476.92310        0.00149        0.00164
      480.76923        0.00149        0.00134
      484.61539        0.00149        0.00110
      488.46155        0.00149        0.00090
      492.30771        0.00149        0.00076
      496.15384        0.00149        0.00068
      500.00000        0.00149        0.00065
      500.00000        0.00000        0.00065
Detection Fct/Global/Plot: Pdf 1                                                                                                                                                                                                                                                                                                                                                                                                                                                                                                                                                                                                                                                                                                                                                                                                                                                                                                                                                                                                                                
Pooled data                                                 
Radial distance in meters                   
       Probability Density          
    0.000000E+00      500.000000    0.000000E+00    7.640189E-03
         156
        0.00000        0.00277        0.00000
        3.84615        0.00277        0.00033
        7.69231        0.00277        0.00066
       11.53846        0.00277        0.00099
       15.38462        0.00277        0.00131
       19.23077        0.00277        0.00163
       23.07692        0.00277        0.00194
       26.92308        0.00277        0.00225
       30.76923        0.00277        0.00255
       34.61539        0.00277        0.00284
       38.46154        0.00277        0.00312
       38.46154        0.00000        0.00312
       38.46154        0.00627        0.00312
       42.30769        0.00627        0.00339
       46.15385        0.00627        0.00365
       50.00000        0.00627        0.00390
       53.84616        0.00627        0.00414
       57.69231        0.00627        0.00436
       61.53846        0.00627        0.00457
       65.38462        0.00627        0.00476
       69.23077        0.00627        0.00494
       73.07693        0.00627        0.00511
       76.92308        0.00627        0.00525
       76.92308        0.00000        0.00525
       76.92308        0.00695        0.00525
       80.76923        0.00695        0.00539
       84.61539        0.00695        0.00550
       88.46154        0.00695        0.00560
       92.30769        0.00695        0.00569
       96.15385        0.00695        0.00575
      100.00001        0.00695        0.00580
      103.84616        0.00695        0.00584
      107.69231        0.00695        0.00586
      111.53847        0.00695        0.00586
      115.38462        0.00695        0.00585
      115.38462        0.00000        0.00585
      115.38462        0.00461        0.00585
      119.23077        0.00461        0.00582
      123.07693        0.00461        0.00578
      126.92308        0.00461        0.00572
      130.76924        0.00461        0.00566
      134.61539        0.00461        0.00557
      138.46155        0.00461        0.00548
      142.30769        0.00461        0.00537
      146.15385        0.00461        0.00526
      150.00000        0.00461        0.00513
      153.84616        0.00461        0.00500
      153.84616        0.00000        0.00500
      153.84616        0.00283        0.00500
      157.69232        0.00283        0.00485
      161.53847        0.00283        0.00470
      165.38463        0.00283        0.00454
      169.23077        0.00283        0.00438
      173.07693        0.00283        0.00421
      176.92310        0.00283        0.00404
      180.76924        0.00283        0.00386
      184.61540        0.00283        0.00368
      188.46155        0.00283        0.00350
      192.30771        0.00283        0.00332
      192.30771        0.00000        0.00332
      192.30771        0.00135        0.00332
      196.15387        0.00135        0.00314
      200.00002        0.00135        0.00296
      203.84616        0.00135        0.00278
      207.69232        0.00135        0.00260
      211.53848        0.00135        0.00243
      215.38463        0.00135        0.00226
      219.23077        0.00135        0.00209
      223.07693        0.00135        0.00193
      226.92310        0.00135        0.00178
      230.76924        0.00135        0.00163
      230.76924        0.00000        0.00163
      230.76924        0.00055        0.00163
      234.61539        0.00055        0.00148
      238.46155        0.00055        0.00135
      242.30771        0.00055        0.00121
      246.15385        0.00055        0.00109
      250.00000        0.00055        0.00097
      253.84616        0.00055        0.00087
      257.69232        0.00055        0.00076
      261.53845        0.00055        0.00067
      265.38461        0.00055        0.00059
      269.23077        0.00055        0.00051
      269.23077        0.00000        0.00051
      269.23077        0.00025        0.00051
      273.07693        0.00025        0.00044
      276.92310        0.00025        0.00037
      280.76923        0.00025        0.00032
      284.61539        0.00025        0.00027
      288.46155        0.00025        0.00023
      292.30771        0.00025        0.00019
      296.15387        0.00025        0.00016
      300.00000        0.00025        0.00014
      303.84616        0.00025        0.00012
      307.69232        0.00025        0.00011
      307.69232        0.00000        0.00011
      307.69232        0.00018        0.00011
      311.53848        0.00018        0.00010
      315.38464        0.00018        0.00010
      319.23077        0.00018        0.00010
      323.07693        0.00018        0.00010
      326.92310        0.00018        0.00011
      330.76926        0.00018        0.00012
      334.61542        0.00018        0.00013
      338.46155        0.00018        0.00015
      342.30771        0.00018        0.00016
      346.15387        0.00018        0.00018
      346.15387        0.00000        0.00018
      346.15387        0.00006        0.00018
      350.00003        0.00006        0.00020
      353.84619        0.00006        0.00021
      357.69232        0.00006        0.00023
      361.53848        0.00006        0.00025
      365.38464        0.00006        0.00026
      369.23080        0.00006        0.00028
      373.07697        0.00006        0.00029
      376.92310        0.00006        0.00030
      380.76926        0.00006        0.00031
      384.61542        0.00006        0.00032
      384.61542        0.00000        0.00032
      384.61542        0.00006        0.00032
      388.46158        0.00006        0.00033
      392.30771        0.00006        0.00033
      396.15387        0.00006        0.00034
      400.00003        0.00006        0.00034
      403.84619        0.00006        0.00034
      407.69232        0.00006        0.00033
      411.53848        0.00006        0.00033
      415.38464        0.00006        0.00032
      419.23077        0.00006        0.00031
      423.07693        0.00006        0.00030
      423.07693        0.00000        0.00030
      423.07693        0.00006        0.00030
      426.92310        0.00006        0.00028
      430.76926        0.00006        0.00027
      434.61539        0.00006        0.00025
      438.46155        0.00006        0.00024
      442.30771        0.00006        0.00022
      446.15387        0.00006        0.00020
      450.00003        0.00006        0.00018
      453.84616        0.00006        0.00016
      457.69232        0.00006        0.00015
      461.53848        0.00006        0.00013
      461.53848        0.00000        0.00013
      461.53848        0.00006        0.00013
      465.38464        0.00006        0.00011
      469.23077        0.00006        0.00009
      473.07693        0.00006        0.00008
      476.92310        0.00006        0.00007
      480.76923        0.00006        0.00006
      484.61539        0.00006        0.00005
      488.46155        0.00006        0.00004
      492.30771        0.00006        0.00003
      496.15384        0.00006        0.00003
      500.00000        0.00006        0.00003
      500.00000        0.00000        0.00003
Detection Fct/Global/Plot: Detection Probability 2                                                                                                                                                                                                                                                                                                                                                                                                                                                                                                                                                                                                                                                                                                                                                                                                                                                                                                                                                                                                              
Pooled data                                                 
Radial distance in meters                   
     Detection Probability          
    0.000000E+00      500.000000    0.000000E+00        2.133555
         160
        0.00000        1.93960        1.00000
        4.16667        1.93960        0.99934
        8.33333        1.93960        0.99738
       12.50000        1.93960        0.99410
       16.66667        1.93960        0.98954
       20.83333        1.93960        0.98369
       25.00000        1.93960        0.97658
       25.00000        0.00000        0.97658
       25.00000        1.35184        0.97658
       29.16667        1.35184        0.96824
       33.33333        1.35184        0.95869
       37.50000        1.35184        0.94796
       41.66667        1.35184        0.93608
       45.83333        1.35184        0.92311
       50.00000        1.35184        0.90906
       50.00000        0.00000        0.90906
       50.00000        1.28719        0.90906
       54.16667        1.28719        0.89400
       58.33333        1.28719        0.87797
       62.50000        1.28719        0.86102
       66.66666        1.28719        0.84320
       70.83334        1.28719        0.82457
       75.00000        1.28719        0.80519
       75.00000        0.00000        0.80519
       75.00000        0.96980        0.80519
       79.16666        0.96980        0.78511
       83.33334        0.96980        0.76440
       87.50000        0.96980        0.74312
       91.66666        0.96980        0.72133
       95.83334        0.96980        0.69910
      100.00000        0.96980        0.67649
      100.00000        0.00000        0.67649
      100.00000        0.58776        0.67649
      104.16666        0.58776        0.65357
      108.33334        0.58776        0.63040
      112.50000        0.58776        0.60704
      116.66666        0.58776        0.58356
      120.83334        0.58776        0.56003
      125.00000        0.58776        0.53650
      125.00000        0.00000        0.53650
      125.00000        0.40074        0.53650
      129.16667        0.40074        0.51303
      133.33333        0.40074        0.48969
      137.50000        0.40074        0.46653
      141.66667        0.40074        0.44361
      145.83333        0.40074        0.42098
      150.00000        0.40074        0.39869
      150.00000        0.00000        0.39869
      150.00000        0.29840        0.39869
      154.16667        0.29840        0.37679
      158.33333        0.29840        0.35532
      162.50000        0.29840        0.33433
      166.66667        0.29840        0.31385
      170.83333        0.29840        0.29393
      175.00000        0.29840        0.27459
      175.00000        0.00000        0.27459
      175.00000        0.11755        0.27459
      179.16667        0.11755        0.25588
      183.33333        0.11755        0.23780
      187.50000        0.11755        0.22040
      191.66667        0.11755        0.20368
      195.83333        0.11755        0.18766
      200.00000        0.11755        0.17237
      200.00000        0.00000        0.17237
      200.00000        0.04667        0.17237
      204.16667        0.04667        0.15780
      208.33333        0.04667        0.14397
      212.50000        0.04667        0.13087
      216.66667        0.04667        0.11852
      220.83333        0.04667        0.10690
      225.00000        0.04667        0.09602
      225.00000        0.00000        0.09602
      225.00000        0.04176        0.09602
      229.16667        0.04176        0.08586
      233.33333        0.04176        0.07641
      237.50000        0.04176        0.06766
      241.66667        0.04176        0.05960
      245.83333        0.04176        0.05220
      250.00000        0.04176        0.04544
      250.00000        0.00000        0.04544
      250.00000        0.01259        0.04544
      254.16667        0.01259        0.03931
      258.33334        0.01259        0.03378
      262.50000        0.01259        0.02882
      266.66666        0.01259        0.02442
      270.83334        0.01259        0.02053
      275.00000        0.01259        0.01713
      275.00000        0.00000        0.01713
      275.00000        0.00767        0.01713
      279.16666        0.00767        0.01419
      283.33334        0.00767        0.01169
      287.50000        0.00767        0.00959
      291.66666        0.00767        0.00786
      295.83334        0.00767        0.00647
      300.00000        0.00767        0.00539
      300.00000        0.00000        0.00539
      300.00000        0.01058        0.00539
      304.16666        0.01058        0.00459
      308.33334        0.01058        0.00405
      312.50000        0.01058        0.00372
      316.66666        0.01058        0.00359
      320.83334        0.01058        0.00362
      325.00000        0.01058        0.00380
      325.00000        0.00000        0.00380
      325.00000        0.00327        0.00380
      329.16666        0.00327        0.00409
      333.33334        0.00327        0.00448
      337.50000        0.00327        0.00493
      341.66666        0.00327        0.00543
      345.83334        0.00327        0.00597
      350.00000        0.00327        0.00651
      350.00000        0.00000        0.00651
      350.00000        0.00304        0.00651
      354.16666        0.00304        0.00705
      358.33334        0.00304        0.00758
      362.50000        0.00304        0.00807
      366.66666        0.00304        0.00853
      370.83334        0.00304        0.00893
      375.00000        0.00304        0.00927
      375.00000        0.00000        0.00927
      375.00000        0.00000        0.00927
      379.16666        0.00000        0.00954
      383.33334        0.00000        0.00975
      387.50000        0.00000        0.00989
      391.66666        0.00000        0.00995
      395.83334        0.00000        0.00993
      400.00000        0.00000        0.00984
      400.00000        0.00000        0.00984
      400.00000        0.00267        0.00984
      404.16666        0.00267        0.00968
      408.33334        0.00267        0.00945
      412.50000        0.00267        0.00916
      416.66666        0.00267        0.00881
      420.83334        0.00267        0.00840
      425.00000        0.00267        0.00795
      425.00000        0.00000        0.00795
      425.00000        0.00252        0.00795
      429.16666        0.00252        0.00746
      433.33334        0.00252        0.00694
      437.50000        0.00252        0.00640
      441.66666        0.00252        0.00584
      445.83334        0.00252        0.00527
      450.00000        0.00252        0.00471
      450.00000        0.00000        0.00471
      450.00000        0.00000        0.00471
      454.16666        0.00000        0.00416
      458.33334        0.00000        0.00362
      462.50000        0.00000        0.00311
      466.66666        0.00000        0.00263
      470.83334        0.00000        0.00219
      475.00000        0.00000        0.00180
      475.00000        0.00000        0.00180
      475.00000        0.00226        0.00180
      479.16666        0.00226        0.00146
      483.33334        0.00226        0.00117
      487.50000        0.00226        0.00095
      491.66666        0.00226        0.00078
      495.83334        0.00226        0.00068
      500.00000        0.00226        0.00065
      500.00000        0.00000        0.00065
Detection Fct/Global/Plot: Pdf 2                                                                                                                                                                                                                                                                                                                                                                                                                                                                                                                                                                                                                                                                                                                                                                                                                                                                                                                                                                                                                                
Pooled data                                                 
Radial distance in meters                   
       Probability Density          
    0.000000E+00      500.000000    0.000000E+00    8.009456E-03
         160
        0.00000        0.00208        0.00000
        4.16667        0.00208        0.00036
        8.33333        0.00208        0.00071
       12.50000        0.00208        0.00107
       16.66667        0.00208        0.00142
       20.83333        0.00208        0.00176
       25.00000        0.00208        0.00210
       25.00000        0.00000        0.00210
       25.00000        0.00435        0.00210
       29.16667        0.00435        0.00242
       33.33333        0.00435        0.00274
       37.50000        0.00435        0.00305
       41.66667        0.00435        0.00335
       45.83333        0.00435        0.00363
       50.00000        0.00435        0.00390
       50.00000        0.00000        0.00390
       50.00000        0.00690        0.00390
       54.16667        0.00690        0.00416
       58.33333        0.00690        0.00439
       62.50000        0.00690        0.00462
       66.66666        0.00690        0.00482
       70.83334        0.00690        0.00501
       75.00000        0.00690        0.00518
       75.00000        0.00000        0.00518
       75.00000        0.00728        0.00518
       79.16666        0.00728        0.00533
       83.33334        0.00728        0.00547
       87.50000        0.00728        0.00558
       91.66666        0.00728        0.00567
       95.83334        0.00728        0.00575
      100.00000        0.00728        0.00581
      100.00000        0.00000        0.00581
      100.00000        0.00567        0.00581
      104.16666        0.00567        0.00584
      108.33334        0.00567        0.00586
      112.50000        0.00567        0.00586
      116.66666        0.00567        0.00584
      120.83334        0.00567        0.00581
      125.00000        0.00567        0.00575
      125.00000        0.00000        0.00575
      125.00000        0.00473        0.00575
      129.16667        0.00473        0.00569
      133.33333        0.00473        0.00560
      137.50000        0.00473        0.00550
      141.66667        0.00473        0.00539
      145.83333        0.00473        0.00527
      150.00000        0.00473        0.00513
      150.00000        0.00000        0.00513
      150.00000        0.00416        0.00513
      154.16667        0.00416        0.00498
      158.33333        0.00416        0.00483
      162.50000        0.00416        0.00466
      166.66667        0.00416        0.00449
      170.83333        0.00416        0.00431
      175.00000        0.00416        0.00412
      175.00000        0.00000        0.00412
      175.00000        0.00189        0.00412
      179.16667        0.00189        0.00393
      183.33333        0.00189        0.00374
      187.50000        0.00189        0.00355
      191.66667        0.00189        0.00335
      195.83333        0.00189        0.00315
      200.00000        0.00189        0.00296
      200.00000        0.00000        0.00296
      200.00000        0.00085        0.00296
      204.16667        0.00085        0.00276
      208.33333        0.00085        0.00257
      212.50000        0.00085        0.00239
      216.66667        0.00085        0.00220
      220.83333        0.00085        0.00203
      225.00000        0.00085        0.00185
      225.00000        0.00000        0.00185
      225.00000        0.00085        0.00185
      229.16667        0.00085        0.00169
      233.33333        0.00085        0.00153
      237.50000        0.00085        0.00138
      241.66667        0.00085        0.00124
      245.83333        0.00085        0.00110
      250.00000        0.00085        0.00097
      250.00000        0.00000        0.00097
      250.00000        0.00028        0.00097
      254.16667        0.00028        0.00086
      258.33334        0.00028        0.00075
      262.50000        0.00028        0.00065
      266.66666        0.00028        0.00056
      270.83334        0.00028        0.00048
      275.00000        0.00028        0.00040
      275.00000        0.00000        0.00040
      275.00000        0.00019        0.00040
      279.16666        0.00019        0.00034
      283.33334        0.00019        0.00028
      287.50000        0.00019        0.00024
      291.66666        0.00019        0.00020
      295.83334        0.00019        0.00016
      300.00000        0.00019        0.00014
      300.00000        0.00000        0.00014
      300.00000        0.00028        0.00014
      304.16666        0.00028        0.00012
      308.33334        0.00028        0.00011
      312.50000        0.00028        0.00010
      316.66666        0.00028        0.00010
      320.83334        0.00028        0.00010
      325.00000        0.00028        0.00011
      325.00000        0.00000        0.00011
      325.00000        0.00009        0.00011
      329.16666        0.00009        0.00012
      333.33334        0.00009        0.00013
      337.50000        0.00009        0.00014
      341.66666        0.00009        0.00016
      345.83334        0.00009        0.00018
      350.00000        0.00009        0.00020
      350.00000        0.00000        0.00020
      350.00000        0.00009        0.00020
      354.16666        0.00009        0.00021
      358.33334        0.00009        0.00023
      362.50000        0.00009        0.00025
      366.66666        0.00009        0.00027
      370.83334        0.00009        0.00028
      375.00000        0.00009        0.00030
      375.00000        0.00000        0.00030
      375.00000        0.00000        0.00030
      379.16666        0.00000        0.00031
      383.33334        0.00000        0.00032
      387.50000        0.00000        0.00033
      391.66666        0.00000        0.00033
      395.83334        0.00000        0.00034
      400.00000        0.00000        0.00034
      400.00000        0.00000        0.00034
      400.00000        0.00009        0.00034
      404.16666        0.00009        0.00034
      408.33334        0.00009        0.00033
      412.50000        0.00009        0.00032
      416.66666        0.00009        0.00031
      420.83334        0.00009        0.00030
      425.00000        0.00009        0.00029
      425.00000        0.00000        0.00029
      425.00000        0.00009        0.00029
      429.16666        0.00009        0.00027
      433.33334        0.00009        0.00026
      437.50000        0.00009        0.00024
      441.66666        0.00009        0.00022
      445.83334        0.00009        0.00020
      450.00000        0.00009        0.00018
      450.00000        0.00000        0.00018
      450.00000        0.00000        0.00018
      454.16666        0.00000        0.00016
      458.33334        0.00000        0.00014
      462.50000        0.00000        0.00012
      466.66666        0.00000        0.00011
      470.83334        0.00000        0.00009
      475.00000        0.00000        0.00007
      475.00000        0.00000        0.00007
      475.00000        0.00009        0.00007
      479.16666        0.00009        0.00006
      483.33334        0.00009        0.00005
      487.50000        0.00009        0.00004
      491.66666        0.00009        0.00003
      495.83334        0.00009        0.00003
      500.00000        0.00009        0.00003
      500.00000        0.00000        0.00003
Detection Fct/Global/Plot: Detection Probability 3                                                                                                                                                                                                                                                                                                                                                                                                                                                                                                                                                                                                                                                                                                                                                                                                                                                                                                                                                                                                              
Pooled data                                                 
Radial distance in meters                   
     Detection Probability          
    0.000000E+00      500.000000    0.000000E+00        2.836659
         180
        0.00000        2.57878        1.00000
        4.16667        2.57878        0.99934
        8.33333        2.57878        0.99738
       12.50000        2.57878        0.99410
       16.66667        2.57878        0.98954
       16.66667        0.00000        0.98954
       16.66667        1.65306        0.98954
       20.83333        1.65306        0.98369
       25.00000        1.65306        0.97658
       29.16667        1.65306        0.96824
       33.33333        1.65306        0.95869
       33.33333        0.00000        0.95869
       33.33333        1.19021        0.95869
       37.50000        1.19021        0.94796
       41.66666        1.19021        0.93608
       45.83333        1.19021        0.92311
       50.00000        1.19021        0.90906
       50.00000        0.00000        0.90906
       50.00000        1.36024        0.90906
       54.16666        1.36024        0.89400
       58.33333        1.36024        0.87797
       62.50000        1.36024        0.86102
       66.66666        1.36024        0.84320
       66.66666        0.00000        0.84320
       66.66666        1.08000        0.84320
       70.83333        1.08000        0.82457
       75.00000        1.08000        0.80519
       79.16666        1.08000        0.78511
       83.33333        1.08000        0.76440
       83.33333        0.00000        0.76440
       83.33333        0.95577        0.76440
       87.50000        0.95577        0.74312
       91.66666        0.95577        0.72133
       95.83333        0.95577        0.69910
      100.00000        0.95577        0.67649
      100.00000        0.00000        0.67649
      100.00000        0.70192        0.67649
      104.16666        0.70192        0.65357
      108.33333        0.70192        0.63040
      112.50000        0.70192        0.60704
      116.66666        0.70192        0.58356
      116.66666        0.00000        0.58356
      116.66666        0.46286        0.58356
      120.83333        0.46286        0.56003
      125.00000        0.46286        0.53650
      129.16666        0.46286        0.51303
      133.33333        0.46286        0.48969
      133.33333        0.00000        0.48969
      133.33333        0.33839        0.48969
      137.50000        0.33839        0.46653
      141.66666        0.33839        0.44361
      145.83333        0.33839        0.42098
      150.00000        0.33839        0.39869
      150.00000        0.00000        0.39869
      150.00000        0.33409        0.39869
      154.16666        0.33409        0.37679
      158.33333        0.33409        0.35532
      162.50000        0.33409        0.33433
      166.66666        0.33409        0.31385
      166.66666        0.00000        0.31385
      166.66666        0.16058        0.31385
      170.83333        0.16058        0.29393
      175.00000        0.16058        0.27459
      179.16666        0.16058        0.25588
      183.33333        0.16058        0.23780
      183.33333        0.00000        0.23780
      183.33333        0.12937        0.23780
      187.50000        0.12937        0.22040
      191.66666        0.12937        0.20368
      195.83333        0.12937        0.18766
      200.00000        0.12937        0.17237
      200.00000        0.00000        0.17237
      200.00000        0.04761        0.17237
      204.16666        0.04761        0.15780
      208.33333        0.04761        0.14397
      212.50000        0.04761        0.13087
      216.66666        0.04761        0.11852
      216.66666        0.00000        0.11852
      216.66666        0.03673        0.11852
      220.83333        0.03673        0.10690
      225.00000        0.03673        0.09602
      229.16666        0.03673        0.08586
      233.33333        0.03673        0.07641
      233.33333        0.00000        0.07641
      233.33333        0.04788        0.07641
      237.50000        0.04788        0.06766
      241.66666        0.04788        0.05960
      245.83331        0.04788        0.05220
      249.99998        0.04788        0.04544
      249.99998        0.00000        0.04544
      249.99998        0.01280        0.04544
      254.16666        0.01280        0.03931
      258.33331        0.01280        0.03378
      262.50000        0.01280        0.02882
      266.66666        0.01280        0.02442
      266.66666        0.00000        0.02442
      266.66666        0.00601        0.02442
      270.83331        0.00601        0.02053
      275.00000        0.00601        0.01713
      279.16666        0.00601        0.01419
      283.33331        0.00601        0.01169
      283.33331        0.00000        0.01169
      283.33331        0.01134        0.01169
      287.50000        0.01134        0.00959
      291.66666        0.01134        0.00786
      295.83331        0.01134        0.00647
      300.00000        0.01134        0.00539
      300.00000        0.00000        0.00539
      300.00000        0.01072        0.00539
      304.16666        0.01072        0.00459
      308.33331        0.01072        0.00405
      312.50000        0.01072        0.00372
      316.66666        0.01072        0.00359
      316.66666        0.00000        0.00359
      316.66666        0.00509        0.00359
      320.83331        0.00509        0.00362
      325.00000        0.00509        0.00380
      329.16666        0.00509        0.00409
      333.33331        0.00509        0.00448
      333.33331        0.00000        0.00448
      333.33331        0.00484        0.00448
      337.50000        0.00484        0.00493
      341.66666        0.00484        0.00543
      345.83331        0.00484        0.00597
      350.00000        0.00484        0.00651
      350.00000        0.00000        0.00651
      350.00000        0.00461        0.00651
      354.16666        0.00461        0.00705
      358.33331        0.00461        0.00758
      362.50000        0.00461        0.00807
      366.66666        0.00461        0.00853
      366.66666        0.00000        0.00853
      366.66666        0.00000        0.00853
      370.83331        0.00000        0.00893
      375.00000        0.00000        0.00927
      379.16666        0.00000        0.00954
      383.33331        0.00000        0.00975
      383.33331        0.00000        0.00975
      383.33331        0.00000        0.00975
      387.50000        0.00000        0.00989
      391.66666        0.00000        0.00995
      395.83331        0.00000        0.00993
      400.00000        0.00000        0.00984
      400.00000        0.00000        0.00984
      400.00000        0.00000        0.00984
      404.16666        0.00000        0.00968
      408.33331        0.00000        0.00945
      412.50000        0.00000        0.00916
      416.66666        0.00000        0.00881
      416.66666        0.00000        0.00881
      416.66666        0.00389        0.00881
      420.83331        0.00389        0.00840
      425.00000        0.00389        0.00795
      429.16666        0.00389        0.00746
      433.33331        0.00389        0.00694
      433.33331        0.00000        0.00694
      433.33331        0.00374        0.00694
      437.49997        0.00374        0.00640
      441.66663        0.00374        0.00584
      445.83331        0.00374        0.00527
      449.99997        0.00374        0.00471
      449.99997        0.00000        0.00471
      449.99997        0.00000        0.00471
      454.16663        0.00000        0.00416
      458.33331        0.00000        0.00362
      462.50000        0.00000        0.00311
      466.66666        0.00000        0.00263
      466.66666        0.00000        0.00263
      466.66666        0.00000        0.00263
      470.83331        0.00000        0.00219
      475.00000        0.00000        0.00180
      479.16666        0.00000        0.00146
      483.33331        0.00000        0.00117
      483.33331        0.00000        0.00117
      483.33331        0.00336        0.00117
      487.50000        0.00336        0.00095
      491.66666        0.00336        0.00078
      495.83331        0.00336        0.00068
      500.00000        0.00336        0.00065
      500.00000        0.00000        0.00065
Detection Fct/Global/Plot: Pdf 3                                                                                                                                                                                                                                                                                                                                                                                                                                                                                                                                                                                                                                                                                                                                                                                                                                                                                                                                                                                                                                
Pooled data                                                 
Radial distance in meters                   
       Probability Density          
    0.000000E+00      500.000000    0.000000E+00    8.269501E-03
         180
        0.00000        0.00184        0.00000
        4.16667        0.00184        0.00036
        8.33333        0.00184        0.00071
       12.50000        0.00184        0.00107
       16.66667        0.00184        0.00142
       16.66667        0.00000        0.00142
       16.66667        0.00355        0.00142
       20.83333        0.00355        0.00176
       25.00000        0.00355        0.00210
       29.16667        0.00355        0.00242
       33.33333        0.00355        0.00274
       33.33333        0.00000        0.00274
       33.33333        0.00426        0.00274
       37.50000        0.00426        0.00305
       41.66666        0.00426        0.00335
       45.83333        0.00426        0.00363
       50.00000        0.00426        0.00390
       50.00000        0.00000        0.00390
       50.00000        0.00681        0.00390
       54.16666        0.00681        0.00416
       58.33333        0.00681        0.00439
       62.50000        0.00681        0.00462
       66.66666        0.00681        0.00482
       66.66666        0.00000        0.00482
       66.66666        0.00695        0.00482
       70.83333        0.00695        0.00501
       75.00000        0.00695        0.00518
       79.16666        0.00695        0.00533
       83.33333        0.00695        0.00547
       83.33333        0.00000        0.00547
       83.33333        0.00752        0.00547
       87.50000        0.00752        0.00558
       91.66666        0.00752        0.00567
       95.83333        0.00752        0.00575
      100.00000        0.00752        0.00581
      100.00000        0.00000        0.00581
      100.00000        0.00652        0.00581
      104.16666        0.00652        0.00584
      108.33333        0.00652        0.00586
      112.50000        0.00652        0.00586
      116.66666        0.00652        0.00584
      116.66666        0.00000        0.00584
      116.66666        0.00496        0.00584
      120.83333        0.00496        0.00581
      125.00000        0.00496        0.00575
      129.16666        0.00496        0.00569
      133.33333        0.00496        0.00560
      133.33333        0.00000        0.00560
      133.33333        0.00411        0.00560
      137.50000        0.00411        0.00550
      141.66666        0.00411        0.00539
      145.83333        0.00411        0.00527
      150.00000        0.00411        0.00513
      150.00000        0.00000        0.00513
      150.00000        0.00454        0.00513
      154.16666        0.00454        0.00498
      158.33333        0.00454        0.00483
      162.50000        0.00454        0.00466
      166.66666        0.00454        0.00449
      166.66666        0.00000        0.00449
      166.66666        0.00241        0.00449
      170.83333        0.00241        0.00431
      175.00000        0.00241        0.00412
      179.16666        0.00241        0.00393
      183.33333        0.00241        0.00374
      183.33333        0.00000        0.00374
      183.33333        0.00213        0.00374
      187.50000        0.00213        0.00355
      191.66666        0.00213        0.00335
      195.83333        0.00213        0.00315
      200.00000        0.00213        0.00296
      200.00000        0.00000        0.00296
      200.00000        0.00085        0.00296
      204.16666        0.00085        0.00276
      208.33333        0.00085        0.00257
      212.50000        0.00085        0.00239
      216.66666        0.00085        0.00220
      216.66666        0.00000        0.00220
      216.66666        0.00071        0.00220
      220.83333        0.00071        0.00203
      225.00000        0.00071        0.00185
      229.16666        0.00071        0.00169
      233.33333        0.00071        0.00153
      233.33333        0.00000        0.00153
      233.33333        0.00099        0.00153
      237.50000        0.00099        0.00138
      241.66666        0.00099        0.00124
      245.83331        0.00099        0.00110
      249.99998        0.00099        0.00097
      249.99998        0.00000        0.00097
      249.99998        0.00028        0.00097
      254.16666        0.00028        0.00086
      258.33331        0.00028        0.00075
      262.50000        0.00028        0.00065
      266.66666        0.00028        0.00056
      266.66666        0.00000        0.00056
      266.66666        0.00014        0.00056
      270.83331        0.00014        0.00048
      275.00000        0.00014        0.00040
      279.16666        0.00014        0.00034
      283.33331        0.00014        0.00028
      283.33331        0.00000        0.00028
      283.33331        0.00028        0.00028
      287.50000        0.00028        0.00024
      291.66666        0.00028        0.00020
      295.83331        0.00028        0.00016
      300.00000        0.00028        0.00014
      300.00000        0.00000        0.00014
      300.00000        0.00028        0.00014
      304.16666        0.00028        0.00012
      308.33331        0.00028        0.00011
      312.50000        0.00028        0.00010
      316.66666        0.00028        0.00010
      316.66666        0.00000        0.00010
      316.66666        0.00014        0.00010
      320.83331        0.00014        0.00010
      325.00000        0.00014        0.00011
      329.16666        0.00014        0.00012
      333.33331        0.00014        0.00013
      333.33331        0.00000        0.00013
      333.33331        0.00014        0.00013
      337.50000        0.00014        0.00014
      341.66666        0.00014        0.00016
      345.83331        0.00014        0.00018
      350.00000        0.00014        0.00020
      350.00000        0.00000        0.00020
      350.00000        0.00014        0.00020
      354.16666        0.00014        0.00021
      358.33331        0.00014        0.00023
      362.50000        0.00014        0.00025
      366.66666        0.00014        0.00027
      366.66666        0.00000        0.00027
      366.66666        0.00000        0.00027
      370.83331        0.00000        0.00028
      375.00000        0.00000        0.00030
      379.16666        0.00000        0.00031
      383.33331        0.00000        0.00032
      383.33331        0.00000        0.00032
      383.33331        0.00000        0.00032
      387.50000        0.00000        0.00033
      391.66666        0.00000        0.00033
      395.83331        0.00000        0.00034
      400.00000        0.00000        0.00034
      400.00000        0.00000        0.00034
      400.00000        0.00000        0.00034
      404.16666        0.00000        0.00034
      408.33331        0.00000        0.00033
      412.50000        0.00000        0.00032
      416.66666        0.00000        0.00031
      416.66666        0.00000        0.00031
      416.66666        0.00014        0.00031
      420.83331        0.00014        0.00030
      425.00000        0.00014        0.00029
      429.16666        0.00014        0.00027
      433.33331        0.00014        0.00026
      433.33331        0.00000        0.00026
      433.33331        0.00014        0.00026
      437.49997        0.00014        0.00024
      441.66663        0.00014        0.00022
      445.83331        0.00014        0.00020
      449.99997        0.00014        0.00018
      449.99997        0.00000        0.00018
      449.99997        0.00000        0.00018
      454.16663        0.00000        0.00016
      458.33331        0.00000        0.00014
      462.50000        0.00000        0.00012
      466.66666        0.00000        0.00011
      466.66666        0.00000        0.00011
      466.66666        0.00000        0.00011
      470.83331        0.00000        0.00009
      475.00000        0.00000        0.00007
      479.16666        0.00000        0.00006
      483.33331        0.00000        0.00005
      483.33331        0.00000        0.00005
      483.33331        0.00014        0.00005
      487.50000        0.00014        0.00004
      491.66666        0.00014        0.00003
      495.83331        0.00014        0.00003
      500.00000        0.00014        0.00003
      500.00000        0.00000        0.00003
